
  0.00000000   0.00000000   0.00000000   1.00000000 
  0.00000000   0.00000000   0.00000000   1.00000000 
  0.00000000   0.00000000   0.00000000   1.00000000 
  0.00000000   0.00000000   0.00000000   1.00000000 
  0.00000000   0.00000000   0.00000000   1.00000000 
  0.00000000   0.00000000   0.00000000   1.00000000 
  0.00000000   0.00000000   0.00000000   1.00000000 
  0.00000000   0.00000000   0.00000000   1.00000000 
  0.00000000   0.00000001   0.00000000   1.00000000 
  0.00000000   0.00000000   0.00000000   1.00000000 
  0.00000000   0.00000000   0.00000000   1.00000000 
  0.00000000   0.00000000   0.00000000   1.00000000 
  0.00000000   0.00000000   0.00000000   1.00000000 
  0.00000000   0.00000000   0.00000000   1.00000000 
  0.00000000   0.00000000   0.00000000   1.00000000 
  0.00000000   0.00000000   0.00000000   1.00000000 
  0.00000000   0.00000000   0.00000000   1.00000000 
  0.00000000   0.00000000   0.00000000   1.00000000 
  0.00000000   0.00000000   0.00000000   1.00000000 
  0.00000000   0.00000000   0.00000000   1.00000000 
  0.00000000   0.00000000   0.00000000   1.00000000 
  0.00000000   0.00000000   0.00000000   1.00000000 
  0.00000000   0.00000000   0.00000000   1.00000000 
  0.00000000   0.00000000   0.00000000   1.00000000 
  0.00000000   0.00000000   0.00000000   1.00000000 
  0.00000000   0.00000000   0.00000000   1.00000000 
  0.00000000   0.00000000   0.00000000   1.00000000 
  0.00000000   0.00000000   0.00000000   1.00000000 
  0.00000000   0.00000000   0.00000000   1.00000000 
  0.00000000   0.00000000   0.00000000   1.00000000 
  0.00000000   0.00000000   0.00000000   1.00000000 
  0.00000000   0.00000000   0.00000000   1.00000000 
  0.00000000   0.00000000   0.00000000   1.00000000 
  0.00000000   0.00000000   0.00000000   1.00000000 
  0.00000000   0.00000000   0.00000000   1.00000000 
  0.00000000   0.00000000   0.00000000   1.00000000 
  0.00000000   0.00000000   0.00000000   1.00000000 
  0.00000000   0.00000000   0.00000000   1.00000000 
  0.00000000   0.00000000   0.00000000   1.00000000 
  0.00000000   0.00000000   0.00000000   1.00000000 
  0.00000000   0.00000000   0.00000000   1.00000000 
  0.00000000   0.00000000   0.00000000   1.00000000 
  0.00000000   0.00000000   0.00000000   1.00000000 
  0.00000000   0.00000000   0.00000000   1.00000000 
  0.00000000   0.00000000   0.00000000   1.00000000 
  0.00000000   0.00000000   0.00000000   1.00000000 
  0.00000000   0.00000000   0.00000000   1.00000000 
  0.00000000   0.00067895   0.00000000   0.99932110 
  0.00000000   0.00000000   0.00000000   1.00000000 
  0.00000000   0.00000000   0.00000000   1.00000000 
  0.00000000   0.00000000   0.00000000   1.00000000 
  0.00000000   0.00000000   0.00000000   1.00000000 
  0.00000000   0.00000000   0.00000000   1.00000000 
  0.00000000   0.00000000   0.00000000   1.00000000 
  0.00000000   0.00000000   0.00000000   1.00000000 
  0.00000000   0.00000000   0.00000000   1.00000000 
  0.00000000   0.00000000   0.00000000   1.00000000 
  0.00000000   0.00000000   0.00000000   1.00000000 
  0.00000000   0.00000000   0.00000000   1.00000000 
  0.00000000   0.00000000   0.00000000   1.00000000 
  0.00000000   0.00000000   0.00000000   1.00000000 
  0.00000000   0.00000000   0.00000000   1.00000000 
  0.00000000   0.00000000   0.00000000   1.00000000 
  0.00000000   0.00000000   0.00000000   1.00000000 
  0.00000000   0.00000000   0.00000000   1.00000000 
  0.00000000   0.00000000   0.00000000   1.00000000 
  0.00000000   0.00000000   0.00000000   1.00000000 
  0.00000000   0.00000000   0.00000000   1.00000000 
  0.00000000   0.00000000   0.00000000   1.00000000 
  0.00000000   0.00000000   0.00000000   1.00000000 
  0.00000000   0.00000000   0.00000000   1.00000000 
  0.00000000   0.00000000   0.00000000   1.00000000 
  0.00000000   0.00000000   0.00000000   1.00000000 
  0.00000000   0.00000000   0.00000000   1.00000000 
  0.00000000   0.00000000   0.00000000   1.00000000 
  0.00000000   0.00000000   0.00000000   1.00000000 
  0.00000000   0.00000000   0.00000000   1.00000000 
  0.00000000   0.00000000   0.00000000   1.00000000 
  0.00000000   0.00000000   0.00000000   1.00000000 
  0.00000000   0.00000000   0.00000000   1.00000000 
  0.00000000   0.00000000   0.00000000   1.00000000 
  0.00000000   0.00000000   0.00000000   1.00000000 
  0.00000000   0.00000000   0.00000000   1.00000000 
  0.00000000   0.00000000   0.00000000   1.00000000 
  0.00000000   0.00000000   0.00000000   1.00000000 
  0.00000000   0.00000000   0.00000000   1.00000000 
  0.00000000   0.00000000   0.00000000   1.00000000 
  0.00000000   0.00000000   0.00000000   1.00000000 
  0.00000000   0.00000000   0.00000000   1.00000000 
  0.00000000   0.00000453   0.00000000   0.99999547 
  0.00000000   0.00000000   0.00000000   1.00000000 
  0.00000000   0.00000000   0.00000000   1.00000000 
  0.00000000   0.00000000   0.00000000   1.00000000 
  0.00000000   0.00000000   0.00000000   1.00000000 
  0.00000000   0.00000000   0.00000000   1.00000000 
  0.00000000   0.00000000   0.00000000   1.00000000 
  0.00000000   0.00000000   0.00000000   1.00000000 
  0.00000000   0.00000000   0.00000000   1.00000000 
  0.00000000   0.00000000   0.00000000   1.00000000 
  0.00000000   0.00000000   0.00000000   1.00000000 
  0.00000000   0.00000000   0.00000000   1.00000000 
  0.00000000   0.00000000   0.00000000   1.00000000 
  0.00000000   0.00000000   0.00000000   1.00000000 
  0.00000000   0.00000000   0.00000000   1.00000000 
  0.00000000   0.00000000   0.00000000   1.00000000 
  0.00000000   0.00000000   0.00000000   1.00000000 
  0.00000000   0.00000000   0.00000000   1.00000000 
  0.00000000   0.00000000   0.00000000   1.00000000 
  0.00000000   0.00000000   0.00000000   1.00000000 
  0.00000000   0.00000000   0.00000000   1.00000000 
  0.00000000   0.00000000   0.00000000   1.00000000 
  0.00000000   0.00000000   0.00000000   1.00000000 
  0.00000000   0.00000000   0.00000000   1.00000000 
  0.00000000   0.00000000   0.00000000   1.00000000 
  0.00000000   0.00000000   0.00000000   1.00000000 
  0.00000000   0.00000000   0.00000000   1.00000000 
  0.00000000   0.00000000   0.00000000   1.00000000 
  0.00000000   0.00000000   0.00000000   1.00000000 
  0.00000000   0.00000000   0.00000000   1.00000000 
  0.00000000   0.00000003   0.00000000   1.00000000 
  0.00000000   0.00000000   0.00000000   1.00000000 
  0.00000000   0.00000000   0.00000000   1.00000000 
  0.00000000   0.00000000   0.00000000   1.00000000 
  0.00000000   0.00000000   0.00000000   1.00000000 
  0.00000000   0.00000000   0.00000000   1.00000000 
  0.00000000   0.00000000   0.00000000   1.00000000 
  0.00000000   0.00000000   0.00000000   1.00000000 
  0.00000000   0.00000000   0.00000000   1.00000000 
  0.00000000   0.00023072   0.00000000   0.99976927 
  0.00000000   0.00000000   0.00000000   1.00000000 
  0.00000000   0.00000000   0.00000000   1.00000000 
  0.00000000   0.00000000   0.00000000   1.00000000 
  0.00000000   0.00000000   0.00000000   1.00000000 
  0.00000000   0.00000000   0.00000000   1.00000000 
  0.00000000   0.00000000   0.00000000   1.00000000 
  0.00000000   0.00000000   0.00000000   1.00000000 
  0.00000000   0.00000000   0.00000000   1.00000000 
  0.00000000   0.00000000   0.00000000   1.00000000 
  0.00000000   0.00000000   0.00000000   1.00000000 
  0.00000000   0.00000000   0.00000000   1.00000000 
  0.00000000   0.00000000   0.00000000   1.00000000 
  0.00000000   0.00000000   0.00000000   1.00000000 
  0.00000000   0.00000000   0.00000000   1.00000000 
  0.00000000   0.00000000   0.00000000   1.00000000 
  0.00000000   0.00000000   0.00000000   1.00000000 
  0.00000000   0.00000000   0.00000000   1.00000000 
  0.00000000   0.00000000   0.00000000   1.00000000 
  0.00000000   0.00000000   0.00000000   1.00000000 
  0.00000000   0.00000000   0.00000000   1.00000000 
  0.00000000   0.00000000   0.00000000   1.00000000 
  0.00000000   0.00000000   0.00000000   1.00000000 
  0.00000000   0.00000000   0.00000000   1.00000000 
  0.00000000   0.00000000   0.00000000   1.00000000 
  0.00000000   0.00000000   0.00000000   1.00000000 
  0.00000000   0.00000000   0.00000000   1.00000000 
  0.00000000   0.00000000   0.00000000   1.00000000 
  0.00000000   0.00000000   0.00000000   1.00000000 
  0.00000000   0.00000000   0.00000000   1.00000000 
  0.00000000   0.00000000   0.00000000   1.00000000 
  0.00000000   0.00000000   0.00000000   1.00000000 
  0.00000000   0.00000000   0.00000000   1.00000000 
  0.00000000   0.00000000   0.00000000   1.00000000 
  0.00000000   0.00000000   0.00000000   1.00000000 
  0.00000000   0.00109456   0.00000000   0.99890542 
  0.00000000   0.00000000   0.00000000   1.00000000 
  0.00000000   0.00000017   0.00000000   0.99999988 
  0.00000000   0.00000000   0.00000000   1.00000000 
  0.00000000   0.00000000   0.00000000   1.00000000 
  0.00000000   0.00000000   0.00000000   1.00000000 
  0.00000000   0.00000000   0.00000000   1.00000000 
  0.00000000   0.00000000   0.00000000   1.00000000 
  0.00000000   0.00000000   0.00000000   1.00000000 
  0.00000000   0.00000000   0.00000000   1.00000000 
  0.00000000   0.00000000   0.00000000   1.00000000 
  0.00000000   0.00000000   0.00000000   1.00000000 
  0.00000000   0.00000000   0.00000000   1.00000000 
  0.00000000   0.00000000   0.00000000   1.00000000 
  0.00000000   0.00000000   0.00000000   1.00000000 
  0.00000000   0.00000000   0.00000000   1.00000000 
  0.00000000   0.00000000   0.00000000   1.00000000 
  0.00000000   0.00000000   0.00000000   1.00000000 
  0.00000000   0.00000000   0.00000000   1.00000000 
  0.00000000   0.00000000   0.00000000   1.00000000 
  0.00000000   0.00000000   0.00000000   1.00000000 
  0.00000000   0.00000000   0.00000000   1.00000000 
  0.00000000   0.00000000   0.00000000   1.00000000 
  0.00000000   0.00000000   0.00000000   1.00000000 
  0.00000000   0.00000000   0.00000000   1.00000000 
  0.00000000   0.00000000   0.00000000   1.00000000 
  0.00000000   0.00000000   0.00000000   1.00000000 
  0.00000000   0.00000000   0.00000000   1.00000000 
  0.00000000   0.00000000   0.00000000   1.00000000 
  0.00000000   0.00000000   0.00000000   1.00000000 
  0.00000000   0.00000000   0.00000000   1.00000000 
  0.00000000   0.00000033   0.00000000   0.99999964 
  0.00000000   0.00000000   0.00000000   1.00000000 
  0.00000000   0.00000000   0.00000000   1.00000000 
  0.00000000   0.00000000   0.00000000   1.00000000 
  0.00000000   0.00000000   0.00000000   1.00000000 
  0.00000000   0.00000000   0.00000000   1.00000000 
  0.00000000   0.00000000   0.00000000   1.00000000 
  0.00000000   0.00002302   0.00000000   0.99997699 
  0.00000000   0.00000000   0.00000000   1.00000000 
  0.00000000   0.00000000   0.00000000   1.00000000 
  0.00000000   0.00000000   0.00000000   1.00000000 
  0.00000000   0.00000000   0.00000000   1.00000000 
  0.00000000   0.00000000   0.00000000   1.00000000 
  0.00000000   0.00000000   0.00000000   1.00000000 
  0.00000000   0.00000000   0.00000000   1.00000000 
  0.00000000   0.00000000   0.00000000   1.00000000 
  0.00000000   0.00000000   0.00000000   1.00000000 
  0.00000000   0.00000000   0.00000000   1.00000000 
  0.00000000   0.00000000   0.00000000   1.00000000 
  0.00000000   0.00000000   0.00000000   1.00000000 
  0.00000000   0.00000000   0.00000000   1.00000000 
  0.00000000   0.00000000   0.00000000   1.00000000 
  0.00000000   0.00000009   0.00000000   0.99999988 
  0.00000000   0.00000000   0.00000000   1.00000000 
  0.00000000   0.00000000   0.00000000   1.00000000 
  0.00000000   0.00000000   0.00000000   1.00000000 
  0.00000000   0.00000000   0.00000000   1.00000000 
  0.00000000   0.00000000   0.00000000   1.00000000 
  0.00000000   0.00000000   0.00000000   1.00000000 
  0.00000000   0.00000000   0.00000000   1.00000000 
  0.00000000   0.00000000   0.00000000   1.00000000 
  0.00000000   0.00000330   0.00000000   0.99999666 
  0.00000000   0.00000000   0.00000000   1.00000000 
  0.00000000   0.00000000   0.00000000   1.00000000 
  0.00000000   0.00000000   0.00000000   1.00000000 
  0.00000000   0.00000000   0.00000000   1.00000000 
  0.00000000   0.00000000   0.00000000   1.00000000 
  0.00000000   0.00000000   0.00000000   1.00000000 
  0.00000000   0.00000000   0.00000000   1.00000000 
  0.00000000   0.00000000   0.00000000   1.00000000 
  0.00000000   0.00000000   0.00000000   1.00000000 
  0.00000000   0.00000000   0.00000000   1.00000000 
  0.00000000   0.00000000   0.00000000   1.00000000 
  0.00000000   0.00000000   0.00000000   1.00000000 
  0.00000000   0.00000000   0.00000000   1.00000000 
  0.00000000   0.00000000   0.00000000   1.00000000 
  0.00000000   0.00000000   0.00000000   1.00000000 
  0.00000000   0.00000000   0.00000000   1.00000000 
  0.00000000   0.00000000   0.00000000   1.00000000 
  0.00000000   0.00000000   0.00000000   1.00000000 
  0.00000000   0.00000000   0.00000000   1.00000000 
  0.00000000   0.00000000   0.00000000   1.00000000 
  0.00000000   0.00000000   0.00000000   1.00000000 
  0.00000000   0.00000000   0.00000000   1.00000000 
  0.00000000   0.00000000   0.00000000   1.00000000 
  0.00000000   0.00000000   0.00000000   1.00000000 
  0.00000000   0.00000000   0.00000000   1.00000000 
  0.00000000   0.00000000   0.00000000   1.00000000 
  0.00000000   0.00000000   0.00000000   1.00000000 
  0.00000000   0.00000000   0.00000000   1.00000000 
  0.00000000   0.00000046   0.00000000   0.99999952 
  0.00000000   0.00000000   0.00000000   1.00000000 
  0.00000000   0.00000000   0.00000000   1.00000000 
  0.00000000   0.00000000   0.00000000   1.00000000 
  0.00000000   0.00000000   0.00000000   1.00000000 
  0.00000000   0.00000000   0.00000000   1.00000000 
  0.00000000   0.00000000   0.00000000   1.00000000 
  0.00000000   0.00000000   0.00000000   1.00000000 
  0.00000000   0.00000000   0.00000000   1.00000000 
  0.00000000   0.00000000   0.00000000   1.00000000 
  0.00000000   0.00000000   0.00000000   1.00000000 
  0.00000000   0.00223990   0.00000000   0.99776006 
  0.00000000   0.00000000   0.00000000   1.00000000 
  0.00000000   0.00000000   0.00000000   1.00000000 
  0.00000000   0.00000000   0.00000000   1.00000000 
  0.00000000   0.00000000   0.00000000   1.00000000 
  0.00000000   0.00000000   0.00000000   1.00000000 
  0.00000000   0.00000000   0.00000000   1.00000000 
  0.00000000   0.00000000   0.00000000   1.00000000 
  0.00000000   0.00000000   0.00000000   1.00000000 
  0.00000000   0.00000000   0.00000000   1.00000000 
  0.00000000   0.00000014   0.00000000   0.99999988 
  0.00000000   0.00000000   0.00000000   1.00000000 
  0.00000000   0.00000000   0.00000000   1.00000000 
  0.00000000   0.00000000   0.00000000   1.00000000 
  0.00000000   0.00000000   0.00000000   1.00000000 
  0.00000000   0.00000000   0.00000000   1.00000000 
  0.00000000   0.00000000   0.00000000   1.00000000 
  0.00000000   0.00000000   0.00000000   1.00000000 
  0.00000000   0.00000000   0.00000000   1.00000000 
  0.00000000   0.00000000   0.00000000   1.00000000 
  0.00000000   0.00000000   0.00000000   1.00000000 
  0.00000000   0.00000000   0.00000000   1.00000000 
  0.00000000   0.00000000   0.00000000   1.00000000 
  0.00000000   0.00000000   0.00000000   1.00000000 
  0.00000000   0.00000000   0.00000000   1.00000000 
  0.00000000   0.00000000   0.00000000   1.00000000 
  0.00000000   0.00000000   0.00000000   1.00000000 
  0.00000000   0.00000000   0.00000000   1.00000000 
  0.00000000   0.00000000   0.00000000   1.00000000 
  0.00000000   0.00000000   0.00000000   1.00000000 
  0.00000000   0.00000000   0.00000000   1.00000000 
  0.00000000   0.00000000   0.00000000   1.00000000 
  0.00000000   0.00000000   0.00000000   1.00000000 
  0.00000000   0.00000000   0.00000000   1.00000000 
  0.00000000   0.00000000   0.00000000   1.00000000 
  0.00000000   0.00000000   0.00000000   1.00000000 
  0.00000000   0.00000000   0.00000000   1.00000000 
  0.00000000   0.00000000   0.00000000   1.00000000 
  0.00000000   0.00000000   0.00000000   1.00000000 
  0.00000000   0.00000000   0.00000000   1.00000000 
  0.00000000   0.00000000   0.00000000   1.00000000 
  0.00000000   0.00000000   0.00000000   1.00000000 
  0.00000000   0.00000000   0.00000000   1.00000000 
  0.00000000   0.00000000   0.00000000   1.00000000 
  0.00000000   0.00000000   0.00000000   1.00000000 
  0.00000000   0.00000000   0.00000000   1.00000000 
  0.00000000   0.00000000   0.00000000   1.00000000 
  0.00000000   0.00000000   0.00000000   1.00000000 
  0.00000000   0.00000000   0.00000000   1.00000000 
  0.00000000   0.00000000   0.00000000   1.00000000 
  0.00000000   0.00000000   0.00000000   1.00000000 
  0.00000000   0.00000000   0.00000000   1.00000000 
  0.00000000   0.00000000   0.00000000   1.00000000 
  0.00000000   0.00000000   0.00000000   1.00000000 
  0.00000000   0.00000000   0.00000000   1.00000000 
  0.00000000   0.00000000   0.00000000   1.00000000 
  0.00000000   0.00000000   0.00000000   1.00000000 
  0.00000000   0.00000000   0.00000000   1.00000000 
  0.00000000   0.00000000   0.00000000   1.00000000 
  0.00000000   0.00000000   0.00000000   1.00000000 
  0.00000000   0.00000000   0.00000000   1.00000000 
  0.00000000   0.00000000   0.00000000   1.00000000 
  0.00000000   0.00000000   0.00000000   1.00000000 
  0.00000000   0.00000000   0.00000000   1.00000000 
  0.00000000   0.00000000   0.00000000   1.00000000 
  0.00000000   0.00000000   0.00000000   1.00000000 
  0.00000000   0.00000000   0.00000000   1.00000000 
  0.00000000   0.00000000   0.00000000   1.00000000 
  0.00000000   0.00000000   0.00000000   1.00000000 
  0.00000000   0.00000000   0.00000000   1.00000000 
  0.00000000   0.00000000   0.00000000   1.00000000 
  0.00000000   0.00000000   0.00000000   1.00000000 
  0.00000000   0.00000000   0.00000000   1.00000000 
  0.00000000   0.00000000   0.00000000   1.00000000 
  0.00000000   0.00000000   0.00000000   1.00000000 
  0.00000000   0.00000000   0.00000000   1.00000000 
  0.00000000   0.00000000   0.00000000   1.00000000 
  0.00000000   0.00000000   0.00000000   1.00000000 
  0.00000000   0.00000000   0.00000000   1.00000000 
  0.00000000   0.00000000   0.00000000   1.00000000 
  0.00000000   0.00000000   0.00000000   1.00000000 
  0.00000000   0.00000000   0.00000000   1.00000000 
  0.00000000   0.00000000   0.00000000   1.00000000 
  0.00000000   0.00000000   0.00000000   1.00000000 
  0.00000000   0.00000000   0.00000000   1.00000000 
  0.00000000   0.00000000   0.00000000   1.00000000 
  0.00000000   0.00000000   0.00000000   1.00000000 
  0.00000000   0.00000000   0.00000000   1.00000000 
  0.00000000   0.00000000   0.00000000   1.00000000 
  0.00000000   0.00000000   0.00000000   1.00000000 
  0.00000000   0.00000000   0.00000000   1.00000000 
  0.00000000   0.00000000   0.00000000   1.00000000 
  0.00000000   0.00000000   0.00000000   1.00000000 
  0.00000000   0.00000000   0.00000000   1.00000000 
  0.00000000   0.00000000   0.00000000   1.00000000 
  0.00000000   0.00000000   0.00000000   1.00000000 
  0.00000000   0.00000000   0.00000000   1.00000000 
  0.00000000   0.00000000   0.00000000   1.00000000 
  0.00000000   0.00000000   0.00000000   1.00000000 
  0.00000000   0.00000000   0.00000000   1.00000000 
  0.00000000   0.00000000   0.00000000   1.00000000 
  0.00000000   0.00000000   0.00000000   1.00000000 
  0.00000000   0.00000000   0.00000000   1.00000000 
  0.00000000   0.00000000   0.00000000   1.00000000 
  0.00000000   0.00000000   0.00000000   1.00000000 
  0.00000000   0.00000000   0.00000000   1.00000000 
  0.00000000   0.00000000   0.00000000   1.00000000 
  0.00000000   0.00000000   0.00000000   1.00000000 
  0.00000000   0.00000000   0.00000000   1.00000000 
  0.00000000   0.00000000   0.00000000   1.00000000 
  0.00000000   0.00000000   0.00000000   1.00000000 
  0.00000000   0.00000000   0.00000000   1.00000000 
  0.00000000   0.00000000   0.00000000   1.00000000 
  0.00000000   0.00000000   0.00000000   1.00000000 
  0.00000000   0.00000000   0.00000000   1.00000000 
  0.00000000   0.00000000   0.00000000   1.00000000 
  0.00000000   0.00000000   0.00000000   1.00000000 
  0.00000000   0.00000000   0.00000000   1.00000000 
  0.00000000   0.00000000   0.00000000   1.00000000 
  0.00000000   0.00000000   0.00000000   1.00000000 
  0.00000000   0.00000000   0.00000000   1.00000000 
  0.00000000   0.00000000   0.00000000   1.00000000 
  0.00000000   0.00000000   0.00000000   1.00000000 
  0.00000000   0.00000000   0.00000000   1.00000000 
  0.00000000   0.00000000   0.00000000   1.00000000 
  0.00000000   0.00000014   0.00000000   0.99999988 
  0.00000000   0.00000000   0.00000000   1.00000000 
  0.00000000   0.00000000   0.00000000   1.00000000 
  0.00000000   0.00000000   0.00000000   1.00000000 
  0.00000000   0.00000000   0.00000000   1.00000000 
  0.00000000   0.00000000   0.00000000   1.00000000 
  0.00000000   0.00000000   0.00000000   1.00000000 
  0.00000000   0.00000000   0.00000000   1.00000000 
  0.00000000   0.00000000   0.00000000   1.00000000 
  0.00000000   0.00000000   0.00000000   1.00000000 
  0.00000000   0.00000000   0.00000000   1.00000000 
  0.00000000   0.00000000   0.00000000   1.00000000 
  0.00000000   0.00000000   0.00000000   1.00000000 
  0.00000000   0.00000000   0.00000000   1.00000000 
  0.00000000   0.00000000   0.00000000   1.00000000 
  0.00000000   0.00000000   0.00000000   1.00000000 
  0.00000000   0.00000000   0.00000000   1.00000000 
  0.00000000   0.00000000   0.00000000   1.00000000 
  0.00000000   0.00000000   0.00000000   1.00000000 
  0.00000000   0.00000000   0.00000000   1.00000000 
  0.00000000   0.00000000   0.00000000   1.00000000 
  0.00000000   0.00000000   0.00000000   1.00000000 
  0.00000000   0.00000000   0.00000000   1.00000000 
  0.00000000   0.00000000   0.00000000   1.00000000 
  0.00000000   0.00000002   0.00000000   1.00000000 
  0.00000000   0.00000000   0.00000000   1.00000000 
  0.00000000   0.00000000   0.00000000   1.00000000 
  0.00000000   0.00000000   0.00000000   1.00000000 
  0.00000000   0.00000000   0.00000000   1.00000000 
  0.00000000   0.00000000   0.00000000   1.00000000 
  0.00000000   0.00000000   0.00000000   1.00000000 
  0.00000000   0.00000000   0.00000000   1.00000000 
  0.00000000   0.00000000   0.00000000   1.00000000 
  0.00000000   0.00000000   0.00000000   1.00000000 
  0.00000000   0.00000000   0.00000000   1.00000000 
  0.00000000   0.00000000   0.00000000   1.00000000 
  0.00000000   0.00000000   0.00000000   1.00000000 
  0.00000000   0.00000000   0.00000000   1.00000000 
  0.00000000   0.00000000   0.00000000   1.00000000 
  0.00000000   0.00000000   0.00000000   1.00000000 
  0.00000000   0.00000000   0.00000000   1.00000000 
  0.00000000   0.00000028   0.00000000   0.99999976 
  0.00000000   0.00000000   0.00000000   1.00000000 
  0.00000000   0.00000000   0.00000000   1.00000000 
  0.00000000   0.00000065   0.00000000   0.99999940 
  0.00000000   0.00000000   0.00000000   1.00000000 
  0.00000000   0.00000000   0.00000000   1.00000000 
  0.00000000   0.00000000   0.00000000   1.00000000 
  0.00000000   0.00000000   0.00000000   1.00000000 
  0.00000000   0.00000000   0.00000000   1.00000000 
  0.00000000   0.00000000   0.00000000   1.00000000 
  0.00000000   0.00000000   0.00000000   1.00000000 
  0.00000000   0.00000000   0.00000000   1.00000000 
  0.00000000   0.00000000   0.00000000   1.00000000 
  0.00000000   0.00000000   0.00000000   1.00000000 
  0.00000000   0.00000000   0.00000000   1.00000000 
  0.00000000   0.00000000   0.00000000   1.00000000 
  0.00000000   0.00000000   0.00000000   1.00000000 
  0.00000000   0.00000000   0.00000000   1.00000000 
  0.00000000   0.00000000   0.00000000   1.00000000 
  0.00000000   0.00000000   0.00000000   1.00000000 
  0.00000000   0.00000000   0.00000000   1.00000000 
  0.00000000   0.00000000   0.00000000   1.00000000 
  0.00000000   0.00000000   0.00000000   1.00000000 
  0.00000000   0.00000000   0.00000000   1.00000000 
  0.00000000   0.00000000   0.00000000   1.00000000 
  0.00000000   0.00000000   0.00000000   1.00000000 
  0.00000000   0.00000000   0.00000000   1.00000000 
  0.00000000   0.00000000   0.00000000   1.00000000 
  0.00000000   0.00000000   0.00000000   1.00000000 
  0.00000000   0.00000000   0.00000000   1.00000000 
  0.00000000   0.00000000   0.00000000   1.00000000 
  0.00000000   0.00000000   0.00000000   1.00000000 
  0.00000000   0.00000000   0.00000000   1.00000000 
  0.00000000   0.00000000   0.00000000   1.00000000 
  0.00000000   0.00000000   0.00000000   1.00000000 
  0.00000000   0.00000000   0.00000000   1.00000000 
  0.00000000   0.00000000   0.00000000   1.00000000 
  0.00000000   0.00000000   0.00000000   1.00000000 
  0.00000000   0.00000000   0.00000000   1.00000000 
  0.00000000   0.00000000   0.00000000   1.00000000 
  0.00000000   0.00000000   0.00000000   1.00000000 
  0.00000000   0.00000000   0.00000000   1.00000000 
  0.00000000   0.00000000   0.00000000   1.00000000 
  0.00000000   0.00000000   0.00000000   1.00000000 
  0.00000000   0.00000000   0.00000000   1.00000000 
  0.00000000   0.00000000   0.00000000   1.00000000 
  0.00000000   0.00000001   0.00000000   1.00000000 
  0.00000000   0.00000000   0.00000000   1.00000000 
  0.00000000   0.00000000   0.00000000   1.00000000 
  0.00000000   0.00000000   0.00000000   1.00000000 
  0.00000000   0.00000000   0.00000000   1.00000000 
  0.00000000   0.00000000   0.00000000   1.00000000 
  0.00000000   0.00000000   0.00000000   1.00000000 
  0.00000000   0.00000000   0.00000000   1.00000000 
  0.00000000   0.00000000   0.00000000   1.00000000 
  0.00000000   0.00000000   0.00000000   1.00000000 
  0.00000000   0.00000000   0.00000000   1.00000000 
  0.00000000   0.00000000   0.00000000   1.00000000 
  0.00000000   0.00000000   0.00000000   1.00000000 
  0.00000000   0.00000000   0.00000000   1.00000000 
  0.00000000   0.00000000   0.00000000   1.00000000 
  0.00000000   0.00000000   0.00000000   1.00000000 
  0.00000000   0.00000000   0.00000000   1.00000000 
  0.00000000   0.00000000   0.00000000   1.00000000 
  0.00000000   0.00000000   0.00000000   1.00000000 
  0.00000000   0.00000000   0.00000000   1.00000000 
  0.00000000   0.00000000   0.00000000   1.00000000 
  0.00000000   0.00000000   0.00000000   1.00000000 
  0.00000000   0.00000000   0.00000000   1.00000000 
  0.00000000   0.00000000   0.00000000   1.00000000 
  0.00000000   0.00000000   0.00000000   1.00000000 
  0.00000000   0.00000000   0.00000000   1.00000000 
  0.00000000   0.00000000   0.00000000   1.00000000 
  0.00000000   0.00000000   0.00000000   1.00000000 
  0.00000000   0.00000000   0.00000000   1.00000000 
  0.00000000   0.00000000   0.00000000   1.00000000 
  0.00000000   0.00000000   0.00000000   1.00000000 
  0.00000000   0.00000000   0.00000000   1.00000000 
  0.00000000   0.00000000   0.00000000   1.00000000 
  0.00000000   0.00000000   0.00000000   1.00000000 
  0.00000000   0.00000000   0.00000000   1.00000000 
  0.00000000   0.00000000   0.00000000   1.00000000 
  0.00000000   0.00000000   0.00000000   1.00000000 
  0.00000000   0.00000000   0.00000000   1.00000000 
  0.00000000   0.00000000   0.00000000   1.00000000 
  0.00000000   0.00000000   0.00000000   1.00000000 
  0.00000000   0.00000000   0.00000000   1.00000000 
  0.00000000   0.00000000   0.00000000   1.00000000 
  0.00000000   0.00000000   0.00000000   1.00000000 
  0.00000000   0.00000000   0.00000000   1.00000000 
  0.00000000   0.00000000   0.00000000   1.00000000 
  0.00000000   0.00000000   0.00000000   1.00000000 
  0.00000000   0.00000000   0.00000000   1.00000000 
  0.00000000   0.00000000   0.00000000   1.00000000 
  0.00000000   0.00000000   0.00000000   1.00000000 
  0.00000000   0.00000000   0.00000000   1.00000000 
  0.00000000   0.00000000   0.00000000   1.00000000 
  0.00000000   0.00000000   0.00000000   1.00000000 
  0.00000000   0.00000000   0.00000000   1.00000000 
  0.00000000   0.00000000   0.00000000   1.00000000 
  0.00000000   0.00000000   0.00000000   1.00000000 
  0.00000000   0.00000000   0.00000000   1.00000000 
  0.00000000   0.00000000   0.00000000   1.00000000 
  0.00000000   0.00000000   0.00000000   1.00000000 
  0.00000000   0.00000000   0.00000000   1.00000000 
  0.00000000   0.00001031   0.00000000   0.99998963 
  0.00000000   0.00000000   0.00000000   1.00000000 
  0.00000000   0.00000000   0.00000000   1.00000000 
  0.00000000   0.00000000   0.00000000   1.00000000 
  0.00000000   0.00000002   0.00000000   1.00000000 
  0.00000000   0.00000000   0.00000000   1.00000000 
  0.00000000   0.00000000   0.00000000   1.00000000 
  0.00000000   0.00000000   0.00000000   1.00000000 
  0.00000000   0.00000000   0.00000000   1.00000000 
  0.00000000   0.00000000   0.00000000   1.00000000 
  0.00000000   0.00000000   0.00000000   1.00000000 
  0.00000000   0.00000000   0.00000000   1.00000000 
  0.00000000   0.00000000   0.00000000   1.00000000 
  0.00000000   0.00000000   0.00000000   1.00000000 
  0.00000000   0.00000000   0.00000000   1.00000000 
  0.00000000   0.00000000   0.00000000   1.00000000 
  0.00000000   0.00000000   0.00000000   1.00000000 
  0.00000000   0.00000000   0.00000000   1.00000000 
  0.00000000   0.00000000   0.00000000   1.00000000 
  0.00000000   0.00000000   0.00000000   1.00000000 
  0.00000000   0.00000000   0.00000000   1.00000000 
  0.00000000   0.00000000   0.00000000   1.00000000 
  0.00000000   0.00000000   0.00000000   1.00000000 
  0.00000000   0.00000000   0.00000000   1.00000000 
  0.00000000   0.00000000   0.00000000   1.00000000 
  0.00000000   0.00000000   0.00000000   1.00000000 
  0.00000000   0.00000000   0.00000000   1.00000000 
  0.00000000   0.00000000   0.00000000   1.00000000 
  0.00000000   0.00000000   0.00000000   1.00000000 
  0.00000000   0.00000000   0.00000000   1.00000000 
  0.00000000   0.00000000   0.00000000   1.00000000 
  0.00000000   0.00000000   0.00000000   1.00000000 
  0.00000000   0.00000000   0.00000000   1.00000000 
  0.00000000   0.00000000   0.00000000   1.00000000 
  0.00000000   0.00000000   0.00000000   1.00000000 
  0.00000000   0.00000000   0.00000000   1.00000000 
  0.00000000   0.00000000   0.00000000   1.00000000 
  0.00000000   0.00000000   0.00000000   1.00000000 
  0.00000000   0.00000000   0.00000000   1.00000000 
  0.00000000   0.00000000   0.00000000   1.00000000 
  0.00000000   0.00000000   0.00000000   1.00000000 
  0.00000000   0.00000000   0.00000000   1.00000000 
  0.00000000   0.00000000   0.00000000   1.00000000 
  0.00000000   0.00000000   0.00000000   1.00000000 
  0.00000000   0.00000024   0.00000000   0.99999976 
  0.00000000   0.00000000   0.00000000   1.00000000 
  0.00000000   0.00000000   0.00000000   1.00000000 
  0.00000000   0.00000000   0.00000000   1.00000000 
  0.00000000   0.00000000   0.00000000   1.00000000 
  0.00000000   0.00000000   0.00000000   1.00000000 
  0.00000000   0.00000000   0.00000000   1.00000000 
  0.00000000   0.00000000   0.00000000   1.00000000 
  0.00000000   0.00000000   0.00000000   1.00000000 
  0.00000000   0.00000000   0.00000000   1.00000000 
  0.00000000   0.00000000   0.00000000   1.00000000 
  0.00000000   0.00000000   0.00000000   1.00000000 
  0.00000000   0.00000000   0.00000000   1.00000000 
  0.00000000   0.00000000   0.00000000   1.00000000 
  0.00000000   0.00000000   0.00000000   1.00000000 
  0.00000000   0.00000000   0.00000000   1.00000000 
  0.00000000   0.00000000   0.00000000   1.00000000 
  0.00000000   0.00000000   0.00000000   1.00000000 
  0.00000000   0.00000000   0.00000000   1.00000000 
  0.00000000   0.00000000   0.00000000   1.00000000 
  0.00000000   0.00000000   0.00000000   1.00000000 
  0.00000000   0.00000000   0.00000000   1.00000000 
  0.00000000   0.00000000   0.00000000   1.00000000 
  0.00000000   0.00000000   0.00000000   1.00000000 
  0.00000000   0.00000000   0.00000000   1.00000000 
  0.00000000   0.00000000   0.00000000   1.00000000 
  0.00000000   0.00000000   0.00000000   1.00000000 
  0.00000000   0.00000000   0.00000000   1.00000000 
  0.00000000   0.00000000   0.00000000   1.00000000 
  0.00000000   0.00000000   0.00000000   1.00000000 
  0.00000000   0.00000000   0.00000000   1.00000000 
  0.00000000   0.00000000   0.00000000   1.00000000 
  0.00000000   0.00000000   0.00000000   1.00000000 
  0.00000000   0.00000000   0.00000000   1.00000000 
  0.00000000   0.00000000   0.00000000   1.00000000 
  0.00000000   0.00000000   0.00000000   1.00000000 
  0.00000000   0.00000000   0.00000000   1.00000000 
  0.00000000   0.00000000   0.00000000   1.00000000 
  0.00000000   0.00000000   0.00000000   1.00000000 
  0.00000000   0.00000000   0.00000000   1.00000000 
  0.00000000   0.00000000   0.00000000   1.00000000 
  0.00000000   0.00000000   0.00000000   1.00000000 
  0.00000000   0.00000000   0.00000000   1.00000000 
  0.00000000   0.00000000   0.00000000   1.00000000 
  0.00000000   0.00000000   0.00000000   1.00000000 
  0.00000000   0.00000000   0.00000000   1.00000000 
  0.00000000   0.00000000   0.00000000   1.00000000 
  0.00000000   0.00000000   0.00000000   1.00000000 
  0.00000000   0.00000000   0.00000000   1.00000000 
  0.00000000   0.00000000   0.00000000   1.00000000 
  0.00000000   0.00000000   0.00000000   1.00000000 
  0.00000000   0.00000001   0.00000000   1.00000000 
  0.00000000   0.00000000   0.00000000   1.00000000 
  0.00000000   0.00000000   0.00000000   1.00000000 
  0.00000000   0.00000000   0.00000000   1.00000000 
  0.00000000   0.00000000   0.00000000   1.00000000 
  0.00000000   0.00000000   0.00000000   1.00000000 
  0.00000000   0.00000000   0.00000000   1.00000000 
  0.00000000   0.00000000   0.00000000   1.00000000 
  0.00000000   0.00000000   0.00000000   1.00000000 
  0.00000000   0.00000000   0.00000000   1.00000000 
  0.00000000   0.00000000   0.00000000   1.00000000 
  0.00000000   0.00000000   0.00000000   1.00000000 
  0.00000000   0.00000000   0.00000000   1.00000000 
  0.00000000   0.00000000   0.00000000   1.00000000 
  0.00000000   0.00000000   0.00000000   1.00000000 
  0.00000000   0.00000000   0.00000000   1.00000000 
  0.00000000   0.00000000   0.00000000   1.00000000 
  0.00000000   0.00000000   0.00000000   1.00000000 
  0.00000000   0.00000000   0.00000000   1.00000000 
  0.00000000   0.00000000   0.00000000   1.00000000 
  0.00000000   0.00000000   0.00000000   1.00000000 
  0.00000000   0.00000000   0.00000000   1.00000000 
  0.00000000   0.00000000   0.00000000   1.00000000 
  0.00000000   0.00000000   0.00000000   1.00000000 
  0.00000000   0.00000000   0.00000000   1.00000000 
  0.00000000   0.00000000   0.00000000   1.00000000 
  0.00000000   0.00000000   0.00000000   1.00000000 
  0.00000000   0.00000005   0.00000000   1.00000000 
  0.00000000   0.00000000   0.00000000   1.00000000 
  0.00000000   0.00000001   0.00000000   1.00000000 
  0.00000000   0.00000000   0.00000000   1.00000000 
  0.00000000   0.00000000   0.00000000   1.00000000 
  0.00000000   0.00000000   0.00000000   1.00000000 
  0.00000000   0.00000000   0.00000000   1.00000000 
  0.00000000   0.00000000   0.00000000   1.00000000 
  0.00000000   0.00000000   0.00000000   1.00000000 
  0.00000000   0.00000000   0.00000000   1.00000000 
  0.00000000   0.00000000   0.00000000   1.00000000 
  0.00000000   0.00000000   0.00000000   1.00000000 
  0.00000000   0.00000000   0.00000000   1.00000000 
  0.00000000   0.00000000   0.00000000   1.00000000 
  0.00000000   0.00000000   0.00000000   1.00000000 
  0.00000000   0.00000000   0.00000000   1.00000000 
  0.00000000   0.00000000   0.00000000   1.00000000 
  0.00000000   0.00000000   0.00000000   1.00000000 
  0.00000000   0.00000086   0.00000000   0.99999917 
  0.00000000   0.00000000   0.00000000   1.00000000 
  0.00000000   0.00000000   0.00000000   1.00000000 
  0.00000000   0.00000000   0.00000000   1.00000000 
  0.00000000   0.00000000   0.00000000   1.00000000 
  0.00000000   0.00000000   0.00000000   1.00000000 
  0.00000000   0.00000000   0.00000000   1.00000000 
  0.00000000   0.00000000   0.00000000   1.00000000 
  0.00000000   0.00000000   0.00000000   1.00000000 
  0.00000000   0.00000000   0.00000000   1.00000000 
  0.00000000   0.00000000   0.00000000   1.00000000 
  0.00000000   0.00000000   0.00000000   1.00000000 
  0.00000000   0.00000000   0.00000000   1.00000000 
  0.00000000   0.00000000   0.00000000   1.00000000 
  0.00000000   0.00000000   0.00000000   1.00000000 
  0.00000000   0.00000000   0.00000000   1.00000000 
  0.00000000   0.00000000   0.00000000   1.00000000 
  0.00000000   0.00000000   0.00000000   1.00000000 
  0.00000000   0.00000000   0.00000000   1.00000000 
  0.00000000   0.00000000   0.00000000   1.00000000 
  0.00000000   0.00000000   0.00000000   1.00000000 
  0.00000000   0.00000000   0.00000000   1.00000000 
  0.00000000   0.00000000   0.00000000   1.00000000 
  0.00000000   0.00000000   0.00000000   1.00000000 
  0.00000000   0.00000000   0.00000000   1.00000000 
  0.00000000   0.00000001   0.00000000   1.00000000 
  0.00000000   0.00000000   0.00000000   1.00000000 
  0.00000000   0.00000000   0.00000000   1.00000000 
  0.00000000   0.00000000   0.00000000   1.00000000 
  0.00000000   0.00000000   0.00000000   1.00000000 
  0.00000000   0.00000000   0.00000000   1.00000000 
  0.00000000   0.00000000   0.00000000   1.00000000 
  0.00000000   0.00000000   0.00000000   1.00000000 
  0.00000000   0.00000000   0.00000000   1.00000000 
  0.00000000   0.00000000   0.00000000   1.00000000 
  0.00000000   0.00000000   0.00000000   1.00000000 
  0.00000000   0.00000000   0.00000000   1.00000000 
  0.00000000   0.00000000   0.00000000   1.00000000 
  0.00000000   0.00000000   0.00000000   1.00000000 
  0.00000000   0.00000000   0.00000000   1.00000000 
  0.00000000   0.00000000   0.00000000   1.00000000 
  0.00000000   0.00000000   0.00000000   1.00000000 
  0.00000000   0.00000000   0.00000000   1.00000000 
  0.00000000   0.00000000   0.00000000   1.00000000 
  0.00000000   0.00000000   0.00000000   1.00000000 
  0.00000000   0.00000000   0.00000000   1.00000000 
  0.00000000   0.00000000   0.00000000   1.00000000 
  0.00000000   0.00000000   0.00000000   1.00000000 
  0.00000000   0.00000000   0.00000000   1.00000000 
  0.00000000   0.00000000   0.00000000   1.00000000 
  0.00000000   0.00000000   0.00000000   1.00000000 
  0.00000000   0.00000000   0.00000000   1.00000000 
  0.00000000   0.00000000   0.00000000   1.00000000 
  0.00000000   0.00000000   0.00000000   1.00000000 
  0.00000000   0.00000000   0.00000000   1.00000000 
  0.00000000   0.00000000   0.00000000   1.00000000 
  0.00000000   0.00000000   0.00000000   1.00000000 
  0.00000000   0.00000000   0.00000000   1.00000000 
  0.00000000   0.00000000   0.00000000   1.00000000 
  0.00000000   0.00000000   0.00000000   1.00000000 
  0.00000000   0.00000000   0.00000000   1.00000000 
  0.00000000   0.00000000   0.00000000   1.00000000 
  0.00000000   0.00000000   0.00000000   1.00000000 
  0.00000000   0.00000000   0.00000000   1.00000000 
  0.00000000   0.00000000   0.00000000   1.00000000 
  0.00000000   0.00000000   0.00000000   1.00000000 
  0.00000000   0.00000000   0.00000000   1.00000000 
  0.00000000   0.00000000   0.00000000   1.00000000 
  0.00000000   0.00000000   0.00000000   1.00000000 
  0.00000000   0.00000000   0.00000000   1.00000000 
  0.00000000   0.00000000   0.00000000   1.00000000 
  0.00000000   0.00000000   0.00000000   1.00000000 
  0.00000000   0.00000000   0.00000000   1.00000000 
  0.00000000   0.00000000   0.00000000   1.00000000 
  0.00000000   0.00000000   0.00000000   1.00000000 
  0.00000000   0.00000000   0.00000000   1.00000000 
  0.00000000   0.00000000   0.00000000   1.00000000 
  0.00000000   0.00000000   0.00000000   1.00000000 
  0.00000000   0.00000000   0.00000000   1.00000000 
  0.00000000   0.00000000   0.00000000   1.00000000 
  0.00000000   0.00000000   0.00000000   1.00000000 
  0.00000000   0.00000000   0.00000000   1.00000000 
  0.00000000   0.00000000   0.00000000   1.00000000 
  0.00000000   0.00000000   0.00000000   1.00000000 
  0.00000000   0.00000000   0.00000000   1.00000000 
  0.00000000   0.00000000   0.00000000   1.00000000 
  0.00000000   0.00000000   0.00000000   1.00000000 
  0.00000000   0.00000000   0.00000000   1.00000000 
  0.00000000   0.00000000   0.00000000   1.00000000 
  0.00000000   0.00000000   0.00000000   1.00000000 
  0.00000000   0.00000000   0.00000000   1.00000000 
  0.00000000   0.00000000   0.00000000   1.00000000 
  0.00000000   0.00000000   0.00000000   1.00000000 
  0.00000000   0.00000000   0.00000000   1.00000000 
  0.00000000   0.00000000   0.00000000   1.00000000 
  0.00000000   0.00000000   0.00000000   1.00000000 
  0.00000000   0.00000000   0.00000000   1.00000000 
  0.00000000   0.00000000   0.00000000   1.00000000 
  0.00000000   0.00000000   0.00000000   1.00000000 
  0.00000000   0.00000000   0.00000000   1.00000000 
  0.00000000   0.00000000   0.00000000   1.00000000 
  0.00000000   0.00000000   0.00000000   1.00000000 
  0.00000000   0.00000000   0.00000000   1.00000000 
  0.00000000   0.00000000   0.00000000   1.00000000 
  0.00000000   0.00000000   0.00000000   1.00000000 
  0.00000000   0.00000000   0.00000000   1.00000000 
  0.00000000   0.00000000   0.00000000   1.00000000 
  0.00000000   0.00000000   0.00000000   1.00000000 
  0.00000000   0.00000000   0.00000000   1.00000000 
  0.00000000   0.00000000   0.00000000   1.00000000 
  0.00000000   0.00000015   0.00000000   0.99999988 
  0.00000000   0.00000000   0.00000000   1.00000000 
  0.00000000   0.00000000   0.00000000   1.00000000 
  0.00000000   0.00000000   0.00000000   1.00000000 
  0.00000000   0.00000000   0.00000000   1.00000000 
  0.00000000   0.00000000   0.00000000   1.00000000 
  0.00000000   0.00000000   0.00000000   1.00000000 
  0.00000000   0.00000000   0.00000000   1.00000000 
  0.00000000   0.00000000   0.00000000   1.00000000 
  0.00000000   0.00000000   0.00000000   1.00000000 
  0.00000000   0.00000000   0.00000000   1.00000000 
  0.00000000   0.00000000   0.00000000   1.00000000 
  0.00000000   0.00000000   0.00000000   1.00000000 
  0.00000000   0.00000000   0.00000000   1.00000000 
  0.00000000   0.00000000   0.00000000   1.00000000 
  0.00000000   0.00000000   0.00000000   1.00000000 
  0.00000000   0.00000000   0.00000000   1.00000000 
  0.00000000   0.00000000   0.00000000   1.00000000 
  0.00000000   0.00000000   0.00000000   1.00000000 
  0.00000000   0.00000000   0.00000000   1.00000000 
  0.00000000   0.00000000   0.00000000   1.00000000 
  0.00000000   0.00000000   0.00000000   1.00000000 
  0.00000000   0.00000000   0.00000000   1.00000000 
  0.00000000   0.00000000   0.00000000   1.00000000 
  0.00000000   0.00000000   0.00000000   1.00000000 
  0.00000000   0.00000000   0.00000000   1.00000000 
  0.00000000   0.00000000   0.00000000   1.00000000 
  0.00000000   0.00000000   0.00000000   1.00000000 
  0.00000000   0.00000000   0.00000000   1.00000000 
  0.00000000   0.00000000   0.00000000   1.00000000 
  0.00000000   0.00000000   0.00000000   1.00000000 
  0.00000000   0.00000000   0.00000000   1.00000000 
  0.00000000   0.00000000   0.00000000   1.00000000 
  0.00000000   0.00000000   0.00000000   1.00000000 
  0.00000000   0.00000000   0.00000000   1.00000000 
  0.00000000   0.00000000   0.00000000   1.00000000 
  0.00000000   0.00000000   0.00000000   1.00000000 
  0.00000000   0.00000000   0.00000000   1.00000000 
  0.00000000   0.00000000   0.00000000   1.00000000 
  0.00000000   0.00000000   0.00000000   1.00000000 
  0.00000000   0.00000000   0.00000000   1.00000000 
  0.00000000   0.00000000   0.00000000   1.00000000 
  0.00000000   0.00000000   0.00000000   1.00000000 
  0.00000000   0.00000000   0.00000000   1.00000000 
  0.00000000   0.00000000   0.00000000   1.00000000 
  0.00000000   0.00000000   0.00000000   1.00000000 
  0.00000000   0.00000000   0.00000000   1.00000000 
  0.00000000   0.00000000   0.00000000   1.00000000 
  0.00000000   0.00000000   0.00000000   1.00000000 
  0.00000000   0.00000000   0.00000000   1.00000000 
  0.00000000   0.00000000   0.00000000   1.00000000 
  0.00000000   0.00000004   0.00000000   1.00000000 
  0.00000000   0.00000000   0.00000000   1.00000000 
  0.00000000   0.00000000   0.00000000   1.00000000 
  0.00000000   0.00000000   0.00000000   1.00000000 
  0.00000000   0.00000000   0.00000000   1.00000000 
  0.00000000   0.00000000   0.00000000   1.00000000 
  0.00000000   0.00000000   0.00000000   1.00000000 
  0.00000000   0.00000000   0.00000000   1.00000000 
  0.00000000   0.00000000   0.00000000   1.00000000 
  0.00000000   0.00000001   0.00000000   1.00000000 
  0.00000000   0.00000000   0.00000000   1.00000000 
  0.00000000   0.00000000   0.00000000   1.00000000 
  0.00000000   0.00000000   0.00000000   1.00000000 
  0.00000000   0.00000000   0.00000000   1.00000000 
  0.00000000   0.00000000   0.00000000   1.00000000 
  0.00000000   0.00000000   0.00000000   1.00000000 
  0.00000000   0.00000000   0.00000000   1.00000000 
  0.00000000   0.00000000   0.00000000   1.00000000 
  0.00000000   0.00000000   0.00000000   1.00000000 
  0.00000000   0.00000000   0.00000000   1.00000000 
  0.00000000   0.00000000   0.00000000   1.00000000 
  0.00000000   0.00000000   0.00000000   1.00000000 
  0.00000000   0.00000000   0.00000000   1.00000000 
  0.00000000   0.00000000   0.00000000   1.00000000 
  0.00000000   0.00000000   0.00000000   1.00000000 
  0.00000000   0.00000000   0.00000000   1.00000000 
  0.00000000   0.00000000   0.00000000   1.00000000 
  0.00000000   0.00000000   0.00000000   1.00000000 
  0.00000000   0.00000000   0.00000000   1.00000000 
  0.00000000   0.00000000   0.00000000   1.00000000 
  0.00000000   0.00000000   0.00000000   1.00000000 
  0.00000000   0.00000000   0.00000000   1.00000000 
  0.00000000   0.00000000   0.00000000   1.00000000 
  0.00000000   0.00000000   0.00000000   1.00000000 
  0.00000000   0.00000000   0.00000000   1.00000000 
  0.00000000   0.00000000   0.00000000   1.00000000 
  0.00000000   0.00000000   0.00000000   1.00000000 
  0.00000000   0.00000000   0.00000000   1.00000000 
  0.00000000   0.00000000   0.00000000   1.00000000 
  0.00000000   0.00000000   0.00000000   1.00000000 
  0.00000000   0.00000000   0.00000000   1.00000000 
  0.00000000   0.00000000   0.00000000   1.00000000 
  0.00000000   0.00000008   0.00000000   0.99999988 
  0.00000000   0.00000000   0.00000000   1.00000000 
  0.00000000   0.00000000   0.00000000   1.00000000 
  0.00000000   0.00000000   0.00000000   1.00000000 
  0.00000000   0.00000000   0.00000000   1.00000000 
  0.00000000   0.00000000   0.00000000   1.00000000 
  0.00000000   0.00000000   0.00000000   1.00000000 
  0.00000000   0.00000000   0.00000000   1.00000000 
  0.00000000   0.00000000   0.00000000   1.00000000 
  0.00000000   0.00000000   0.00000000   1.00000000 
  0.00000000   0.00000000   0.00000000   1.00000000 
  0.00000000   0.00000000   0.00000000   1.00000000 
  0.00000000   0.00000000   0.00000000   1.00000000 
  0.00000000   0.00000000   0.00000000   1.00000000 
  0.00000000   0.00000000   0.00000000   1.00000000 
  0.00000000   0.00000000   0.00000000   1.00000000 
  0.00000000   0.00000000   0.00000000   1.00000000 
  0.00000000   0.00000000   0.00000000   1.00000000 
  0.00000000   0.00000000   0.00000000   1.00000000 
  0.00000000   0.00000000   0.00000000   1.00000000 
  0.00000000   0.00000000   0.00000000   1.00000000 
  0.00000000   0.00000000   0.00000000   1.00000000 
  0.00000000   0.00000000   0.00000000   1.00000000 
  0.00000000   0.00000000   0.00000000   1.00000000 
  0.00000000   0.00000000   0.00000000   1.00000000 
  0.00000000   0.00000000   0.00000000   1.00000000 
  0.00000000   0.00000000   0.00000000   1.00000000 
  0.00000000   0.00000000   0.00000000   1.00000000 
  0.00000000   0.00000000   0.00000000   1.00000000 
  0.00000000   0.00000000   0.00000000   1.00000000 
  0.00000000   0.00000000   0.00000000   1.00000000 
  0.00000000   0.00000000   0.00000000   1.00000000 
  0.00000000   0.00000000   0.00000000   1.00000000 
  0.00000000   0.00000000   0.00000000   1.00000000 
  0.00000000   0.00000000   0.00000000   1.00000000 
  0.00000000   0.00000000   0.00000000   1.00000000 
  0.00000000   0.00000003   0.00000000   1.00000000 
  0.00000000   0.00000000   0.00000000   1.00000000 
  0.00000000   0.00000000   0.00000000   1.00000000 
  0.00000000   0.00000000   0.00000000   1.00000000 
  0.00000000   0.00000000   0.00000000   1.00000000 
  0.00000000   0.00000000   0.00000000   1.00000000 
  0.00000000   0.00000000   0.00000000   1.00000000 
  0.00000000   0.00000000   0.00000000   1.00000000 
  0.00000000   0.00000000   0.00000000   1.00000000 
  0.00000000   0.00000000   0.00000000   1.00000000 
  0.00000000   0.00000000   0.00000000   1.00000000 
  0.00000000   0.00000000   0.00000000   1.00000000 
  0.00000000   0.00000002   0.00000000   1.00000000 
  0.00000000   0.00000000   0.00000000   1.00000000 
  0.00000000   0.00000000   0.00000000   1.00000000 
  0.00000000   0.00000000   0.00000000   1.00000000 
  0.00000000   0.00000000   0.00000000   1.00000000 
  0.00000000   0.00000000   0.00000000   1.00000000 
  0.00000000   0.00000000   0.00000000   1.00000000 
  0.00000000   0.00000000   0.00000000   1.00000000 
  0.00000000   0.00000000   0.00000000   1.00000000 
  0.00000000   0.00000477   0.00000000   0.99999523 
  0.00000000   0.00000000   0.00000000   1.00000000 
  0.00000000   0.00000000   0.00000000   1.00000000 
  0.00000000   0.00000000   0.00000000   1.00000000 
  0.00000000   0.00000006   0.00000000   0.99999988 
  0.00000000   0.00000000   0.00000000   1.00000000 
  0.00000000   0.00000000   0.00000000   1.00000000 
  0.00000000   0.00000000   0.00000000   1.00000000 
  0.00000000   0.00000000   0.00000000   1.00000000 
  0.00000000   0.00000000   0.00000000   1.00000000 
  0.00000000   0.00000000   0.00000000   1.00000000 
  0.00000000   0.00000001   0.00000000   1.00000000 
  0.00000000   0.00000000   0.00000000   1.00000000 
  0.00000000   0.00000000   0.00000000   1.00000000 
  0.00000000   0.00000000   0.00000000   1.00000000 
  0.00000000   0.00000000   0.00000000   1.00000000 
  0.00000000   0.00000000   0.00000000   1.00000000 
  0.00000000   0.00000000   0.00000000   1.00000000 
  0.00000000   0.00000000   0.00000000   1.00000000 
  0.00000000   0.00000000   0.00000000   1.00000000 
  0.00000000   0.00000000   0.00000000   1.00000000 
  0.00000000   0.00000000   0.00000000   1.00000000 
  0.00000000   0.00000000   0.00000000   1.00000000 
  0.00000000   0.00000000   0.00000000   1.00000000 
  0.00000000   0.00000000   0.00000000   1.00000000 
  0.00000000   0.00000000   0.00000000   1.00000000 
  0.00000000   0.00000000   0.00000000   1.00000000 
  0.00000000   0.00000000   0.00000000   1.00000000 
  0.00000000   0.00000000   0.00000000   1.00000000 
  0.00000000   0.00000000   0.00000000   1.00000000 
  0.00000000   0.00000000   0.00000000   1.00000000 
  0.00000000   0.00000000   0.00000000   1.00000000 
  0.00000000   0.00000000   0.00000000   1.00000000 
  0.00000000   0.00000000   0.00000000   1.00000000 
  0.00000000   0.00000000   0.00000000   1.00000000 
  0.00000000   0.00000000   0.00000000   1.00000000 
  0.00000000   0.00000047   0.00000000   0.99999952 
  0.00000000   0.00000000   0.00000000   1.00000000 
  0.00000000   0.00000000   0.00000000   1.00000000 
  0.00000000   0.00000000   0.00000000   1.00000000 
  0.00000000   0.00000000   0.00000000   1.00000000 
  0.00000000   0.00000000   0.00000000   1.00000000 
  0.00000000   0.00000002   0.00000000   1.00000000 
  0.00000000   0.00000000   0.00000000   1.00000000 
  0.00000000   0.00000000   0.00000000   1.00000000 
  0.00000000   0.00000000   0.00000000   1.00000000 
  0.00000000   0.00000000   0.00000000   1.00000000 
  0.00000000   0.00000000   0.00000000   1.00000000 
  0.00000000   0.00000000   0.00000000   1.00000000 
  0.00000000   0.00000000   0.00000000   1.00000000 
  0.00000000   0.00000000   0.00000000   1.00000000 
  0.00000000   0.00000000   0.00000000   1.00000000 
  0.00000000   0.00000000   0.00000000   1.00000000 
  0.00000000   0.00000000   0.00000000   1.00000000 
  0.00000000   0.00000000   0.00000000   1.00000000 
  0.00000000   0.00000000   0.00000000   1.00000000 
  0.00000000   0.00000000   0.00000000   1.00000000 
  0.00000000   0.00000000   0.00000000   1.00000000 
  0.00000000   0.00000000   0.00000000   1.00000000 
  0.00000000   0.00000000   0.00000000   1.00000000 
  0.00000000   0.00000000   0.00000000   1.00000000 
  0.00000000   0.00000000   0.00000000   1.00000000 
  0.00000000   0.00000000   0.00000000   1.00000000 
  0.00000000   0.00000000   0.00000000   1.00000000 