
  0.00000000   0.00000000   0.00000000   1.00000000 
  0.00000000   0.00000000   0.00000000   1.00000000 
  0.00000000   0.00000000   0.00000000   1.00000000 
  0.00000000   0.00000000   0.00000000   1.00000000 
  0.00000000   0.00000000   0.00000000   1.00000000 
  0.00000000   0.00000000   0.00000000   1.00000000 
  0.00000000   0.00000000   0.00000000   1.00000000 
  0.00000000   0.00000000   0.00000000   1.00000000 
  0.00000000   0.00000000   0.00000000   1.00000000 
  0.00000000   0.00000000   0.00000000   1.00000000 
  0.00000000   0.00000000   0.00000000   1.00000000 
  0.00000000   0.00000000   0.00000000   1.00000000 
  0.00000000   0.00000000   0.00000000   1.00000000 
  0.00000000   0.00000000   0.00000000   1.00000000 
  0.00000000   0.00000000   0.00000000   1.00000000 
  0.00000000   0.00000000   0.00000000   1.00000000 
  0.00000000   0.00000003   0.00000000   1.00000000 
  0.00000000   0.00000000   0.00000000   1.00000000 
  0.00000000   0.00000000   0.00000000   1.00000000 
  0.00000000   0.00000000   0.00000000   1.00000000 
  0.00000000   0.00000000   0.00000000   1.00000000 
  0.00000000   0.00000000   0.00000000   1.00000000 
  0.00000000   0.00000000   0.00000000   1.00000000 
  0.00000000   0.00000000   0.00000000   1.00000000 
  0.00000000   0.00000000   0.00000000   1.00000000 
  0.00000000   0.00000000   0.00000000   1.00000000 
  0.00000000   0.00000000   0.00000000   1.00000000 
  0.00000000   0.00000000   0.00000000   1.00000000 
  0.00000000   0.00000000   0.00000000   1.00000000 
  0.00000000   0.00000000   0.00000000   1.00000000 
  0.00000000   0.00000000   0.00000000   1.00000000 
  0.00000000   0.00000000   0.00000000   1.00000000 
  0.00000000   0.00000000   0.00000000   1.00000000 
  0.00000000   0.00000000   0.00000000   1.00000000 
  0.00000000   0.00000000   0.00000000   1.00000000 
  0.00000000   0.00000000   0.00000000   1.00000000 
  0.00000000   0.00000000   0.00000000   1.00000000 
  0.00000000   0.00000000   0.00000000   1.00000000 
  0.00000000   0.00000000   0.00000000   1.00000000 
  0.00000000   0.00000000   0.00000000   1.00000000 
  0.00000000   0.00000000   0.00000000   1.00000000 
  0.00000000   0.00000000   0.00000000   1.00000000 
  0.00000000   0.00000000   0.00000000   1.00000000 
  0.00000000   0.00000000   0.00000000   1.00000000 
  0.00000000   0.00000000   0.00000000   1.00000000 
  0.00000000   0.00000000   0.00000000   1.00000000 
  0.00000000   0.00000000   0.00000000   1.00000000 
  0.00000000   0.00000000   0.00000000   1.00000000 
  0.00000000   0.00000138   0.00000000   0.99999857 
  0.00000000   0.00000000   0.00000000   1.00000000 
  0.00000000   0.00000000   0.00000000   1.00000000 
  0.00000000   0.00000000   0.00000000   1.00000000 
  0.00000000   0.00000000   0.00000000   1.00000000 
  0.00000000   0.00000000   0.00000000   1.00000000 
  0.00000000   0.00000000   0.00000000   1.00000000 
  0.00000000   0.00000000   0.00000000   1.00000000 
  0.00000000   0.00000000   0.00000000   1.00000000 
  0.00000000   0.00000000   0.00000000   1.00000000 
  0.00000000   0.00000000   0.00000000   1.00000000 
  0.00000000   0.00000000   0.00000000   1.00000000 
  0.00000000   0.00000000   0.00000000   1.00000000 
  0.00000000   0.00000091   0.00000000   0.99999905 
  0.00000000   0.00000000   0.00000000   1.00000000 
  0.00000000   0.00000000   0.00000000   1.00000000 
  0.00000000   0.00000000   0.00000000   1.00000000 
  0.00000000   0.00000000   0.00000000   1.00000000 
  0.00000000   0.00000000   0.00000000   1.00000000 
  0.00000000   0.00000000   0.00000000   1.00000000 
  0.00000000   0.00000000   0.00000000   1.00000000 
  0.00000000   0.00000000   0.00000000   1.00000000 
  0.00000000   0.00000000   0.00000000   1.00000000 
  0.00000000   0.00000000   0.00000000   1.00000000 
  0.00000000   0.00000000   0.00000000   1.00000000 
  0.00000000   0.00000000   0.00000000   1.00000000 
  0.00000000   0.00000000   0.00000000   1.00000000 
  0.00000000   0.00000000   0.00000000   1.00000000 
  0.00000000   0.00000000   0.00000000   1.00000000 
  0.00000000   0.00000000   0.00000000   1.00000000 
  0.00000000   0.00000000   0.00000000   1.00000000 
  0.00000000   0.00000000   0.00000000   1.00000000 
  0.00000000   0.00000000   0.00000000   1.00000000 
  0.00000000   0.00000000   0.00000000   1.00000000 
  0.00000000   0.00000000   0.00000000   1.00000000 
  0.00000000   0.00000000   0.00000000   1.00000000 
  0.00000000   0.00000000   0.00000000   1.00000000 
  0.00000000   0.00000000   0.00000000   1.00000000 
  0.00000000   0.00000000   0.00000000   1.00000000 
  0.00000000   0.00000000   0.00000000   1.00000000 
  0.00000000   0.00000000   0.00000000   1.00000000 
  0.00000000   0.00000000   0.00000000   1.00000000 
  0.00000000   0.00000000   0.00000000   1.00000000 
  0.00000000   0.00000000   0.00000000   1.00000000 
  0.00000000   0.00000000   0.00000000   1.00000000 
  0.00000000   0.00000000   0.00000000   1.00000000 
  0.00000000   0.00000000   0.00000000   1.00000000 
  0.00000000   0.00000000   0.00000000   1.00000000 
  0.00000000   0.00000000   0.00000000   1.00000000 
  0.00000000   0.00000000   0.00000000   1.00000000 
  0.00000000   0.00000000   0.00000000   1.00000000 
  0.00000000   0.00000000   0.00000000   1.00000000 
  0.00000000   0.00000465   0.00000000   0.99999535 
  0.00000000   0.00000000   0.00000000   1.00000000 
  0.00000000   0.00000000   0.00000000   1.00000000 
  0.00000000   0.00000000   0.00000000   1.00000000 
  0.00000000   0.00000000   0.00000000   1.00000000 
  0.00000000   0.00000000   0.00000000   1.00000000 
  0.00000000   0.00000000   0.00000000   1.00000000 
  0.00000000   0.00000000   0.00000000   1.00000000 
  0.00000000   0.00000000   0.00000000   1.00000000 
  0.00000000   0.00000000   0.00000000   1.00000000 
  0.00000000   0.00000000   0.00000000   1.00000000 
  0.00000000   0.00000000   0.00000000   1.00000000 
  0.00000000   0.00000000   0.00000000   1.00000000 
  0.00000000   0.00000000   0.00000000   1.00000000 
  0.00000000   0.00000000   0.00000000   1.00000000 
  0.00000000   0.00000000   0.00000000   1.00000000 
  0.00000000   0.00000000   0.00000000   1.00000000 
  0.00000000   0.00000000   0.00000000   1.00000000 
  0.00000000   0.00000000   0.00000000   1.00000000 
  0.00000000   0.00000000   0.00000000   1.00000000 
  0.00000000   0.00000000   0.00000000   1.00000000 
  0.00000000   0.00000000   0.00000000   1.00000000 
  0.00000000   0.00000000   0.00000000   1.00000000 
  0.00000000   0.00000000   0.00000000   1.00000000 
  0.00000000   0.00000000   0.00000000   1.00000000 
  0.00000000   0.00000000   0.00000000   1.00000000 
  0.00000000   0.00000000   0.00000000   1.00000000 
  0.00000000   0.00000000   0.00000000   1.00000000 
  0.00000000   0.00000087   0.00000000   0.99999917 
  0.00000000   0.00000000   0.00000000   1.00000000 
  0.00000000   0.00000000   0.00000000   1.00000000 
  0.00000000   0.00000000   0.00000000   1.00000000 
  0.00000000   0.00000000   0.00000000   1.00000000 
  0.00000000   0.00000000   0.00000000   1.00000000 
  0.00000000   0.00000458   0.00000000   0.99999547 
  0.00000000   0.00000000   0.00000000   1.00000000 
  0.00000000   0.00000000   0.00000000   1.00000000 
  0.00000000   0.00000000   0.00000000   1.00000000 
  0.00000000   0.00000000   0.00000000   1.00000000 
  0.00000000   0.00000000   0.00000000   1.00000000 
  0.00000000   0.00000000   0.00000000   1.00000000 
  0.00000000   0.00000001   0.00000000   1.00000000 
  0.00000000   0.00000000   0.00000000   1.00000000 
  0.00000000   0.00000000   0.00000000   1.00000000 
  0.00000000   0.00000000   0.00000000   1.00000000 
  0.00000000   0.00000000   0.00000000   1.00000000 
  0.00000000   0.00000000   0.00000000   1.00000000 
  0.00000000   0.00000000   0.00000000   1.00000000 
  0.00000000   0.00000000   0.00000000   1.00000000 
  0.00000000   0.00000000   0.00000000   1.00000000 
  0.00000000   0.00000000   0.00000000   1.00000000 
  0.00000000   0.00000000   0.00000000   1.00000000 
  0.00000000   0.00000000   0.00000000   1.00000000 
  0.00000000   0.00000000   0.00000000   1.00000000 
  0.00000000   0.00000000   0.00000000   1.00000000 
  0.00000000   0.00000000   0.00000000   1.00000000 
  0.00000000   0.00000000   0.00000000   1.00000000 
  0.00000000   0.00000000   0.00000000   1.00000000 
  0.00000000   0.00000000   0.00000000   1.00000000 
  0.00000000   0.00000000   0.00000000   1.00000000 
  0.00000000   0.00000000   0.00000000   1.00000000 
  0.00000000   0.00000000   0.00000000   1.00000000 
  0.00000000   0.00000000   0.00000000   1.00000000 
  0.00000000   0.00000003   0.00000000   1.00000000 
  0.00000000   0.00000000   0.00000000   1.00000000 
  0.00000000   0.00000000   0.00000000   1.00000000 
  0.00000000   0.00000000   0.00000000   1.00000000 
  0.00000000   0.00000000   0.00000000   1.00000000 
  0.00000000   0.00000000   0.00000000   1.00000000 
  0.00000000   0.00000000   0.00000000   1.00000000 
  0.00000000   0.00000000   0.00000000   1.00000000 
  0.00000000   0.00000000   0.00000000   1.00000000 
  0.00000000   0.00000000   0.00000000   1.00000000 
  0.00000000   0.00000000   0.00000000   1.00000000 
  0.00000000   0.00000000   0.00000000   1.00000000 
  0.00000000   0.00000000   0.00000000   1.00000000 
  0.00000000   0.00000000   0.00000000   1.00000000 
  0.00000000   0.00000000   0.00000000   1.00000000 
  0.00000000   0.00000000   0.00000000   1.00000000 
  0.00000000   0.00000000   0.00000000   1.00000000 
  0.00000000   0.00000000   0.00000000   1.00000000 
  0.00000000   0.00000000   0.00000000   1.00000000 
  0.00000000   0.00000000   0.00000000   1.00000000 
  0.00000000   0.00000000   0.00000000   1.00000000 
  0.00000000   0.00000000   0.00000000   1.00000000 
  0.00000000   0.00000000   0.00000000   1.00000000 
  0.00000000   0.00000000   0.00000000   1.00000000 
  0.00000000   0.00000000   0.00000000   1.00000000 
  0.00000000   0.00000000   0.00000000   1.00000000 
  0.00000000   0.00000000   0.00000000   1.00000000 
  0.00000000   0.00000000   0.00000000   1.00000000 
  0.00000000   0.00000000   0.00000000   1.00000000 
  0.00000000   0.00000000   0.00000000   1.00000000 
  0.00000000   0.00000000   0.00000000   1.00000000 
  0.00000000   0.00000000   0.00000000   1.00000000 
  0.00000000   0.00000000   0.00000000   1.00000000 
  0.00000000   0.00000000   0.00000000   1.00000000 
  0.00000000   0.00000000   0.00000000   1.00000000 
  0.00000000   0.00000000   0.00000000   1.00000000 
  0.00000000   0.00000000   0.00000000   1.00000000 
  0.00000000   0.00000000   0.00000000   1.00000000 
  0.00000000   0.00000000   0.00000000   1.00000000 
  0.00000000   0.00000000   0.00000000   1.00000000 
  0.00000000   0.00000000   0.00000000   1.00000000 
  0.00000000   0.00000000   0.00000000   1.00000000 
  0.00000000   0.00000000   0.00000000   1.00000000 
  0.00000000   0.00000000   0.00000000   1.00000000 
  0.00000000   0.00000000   0.00000000   1.00000000 
  0.00000000   0.00000000   0.00000000   1.00000000 
  0.00000000   0.00000000   0.00000000   1.00000000 
  0.00000000   0.00000000   0.00000000   1.00000000 
  0.00000000   0.01072953   0.00000000   0.98927045 
  0.00000000   0.00000000   0.00000000   1.00000000 
  0.00000000   0.00000000   0.00000000   1.00000000 
  0.00000000   0.00000000   0.00000000   1.00000000 
  0.00000000   0.00000000   0.00000000   1.00000000 
  0.00000000   0.00000000   0.00000000   1.00000000 
  0.00000000   0.00000000   0.00000000   1.00000000 
  0.00000000   0.00000000   0.00000000   1.00000000 
  0.00000000   0.00000000   0.00000000   1.00000000 
  0.00000000   0.00000000   0.00000000   1.00000000 
  0.00000000   0.00000002   0.00000000   1.00000000 
  0.00000000   0.00000000   0.00000000   1.00000000 
  0.00000000   0.00000000   0.00000000   1.00000000 
  0.00000000   0.00000000   0.00000000   1.00000000 
  0.00000000   0.00000000   0.00000000   1.00000000 
  0.00000000   0.00000000   0.00000000   1.00000000 
  0.00000000   0.00000000   0.00000000   1.00000000 
  0.00000000   0.00000000   0.00000000   1.00000000 
  0.00000000   0.00000000   0.00000000   1.00000000 
  0.00000000   0.00000000   0.00000000   1.00000000 
  0.00000000   0.00000000   0.00000000   1.00000000 
  0.00000000   0.00000000   0.00000000   1.00000000 
  0.00000000   0.00000000   0.00000000   1.00000000 
  0.00000000   0.00000000   0.00000000   1.00000000 
  0.00000000   0.00000000   0.00000000   1.00000000 
  0.00000000   0.00000000   0.00000000   1.00000000 
  0.00000000   0.00000000   0.00000000   1.00000000 
  0.00000000   0.00000000   0.00000000   1.00000000 
  0.00000000   0.00000000   0.00000000   1.00000000 
  0.00000000   0.00000000   0.00000000   1.00000000 
  0.00000000   0.00000000   0.00000000   1.00000000 
  0.00000000   0.00000000   0.00000000   1.00000000 
  0.00000000   0.00000000   0.00000000   1.00000000 
  0.00000000   0.00000000   0.00000000   1.00000000 
  0.00000000   0.00000000   0.00000000   1.00000000 
  0.00000000   0.00000000   0.00000000   1.00000000 
  0.00000000   0.00000000   0.00000000   1.00000000 
  0.00000000   0.00000000   0.00000000   1.00000000 
  0.00000000   0.00000000   0.00000000   1.00000000 
  0.00000000   0.00000000   0.00000000   1.00000000 
  0.00000000   0.00000000   0.00000000   1.00000000 
  0.00000000   0.00000000   0.00000000   1.00000000 
  0.00000000   0.00000000   0.00000000   1.00000000 
  0.00000000   0.00000000   0.00000000   1.00000000 
  0.00000000   0.00000000   0.00000000   1.00000000 
  0.00000000   0.00000000   0.00000000   1.00000000 
  0.00000000   0.00000000   0.00000000   1.00000000 
  0.00000000   0.00000000   0.00000000   1.00000000 
  0.00000000   0.00000000   0.00000000   1.00000000 
  0.00000000   0.00000000   0.00000000   1.00000000 
  0.00000000   0.00000000   0.00000000   1.00000000 
  0.00000000   0.00000000   0.00000000   1.00000000 
  0.00000000   0.00000000   0.00000000   1.00000000 
  0.00000000   0.00000000   0.00000000   1.00000000 
  0.00000000   0.00000000   0.00000000   1.00000000 
  0.00000000   0.00000000   0.00000000   1.00000000 
  0.00000000   0.00000000   0.00000000   1.00000000 
  0.00000000   0.00000000   0.00000000   1.00000000 
  0.00000000   0.00000000   0.00000000   1.00000000 
  0.00000000   0.00000000   0.00000000   1.00000000 
  0.00000000   0.00000000   0.00000000   1.00000000 
  0.00000000   0.00000000   0.00000000   1.00000000 
  0.00000000   0.00000000   0.00000000   1.00000000 
  0.00000000   0.00000000   0.00000000   1.00000000 
  0.00000000   0.00000000   0.00000000   1.00000000 
  0.00000000   0.00000000   0.00000000   1.00000000 
  0.00000000   0.00000000   0.00000000   1.00000000 
  0.00000000   0.00000000   0.00000000   1.00000000 
  0.00000000   0.00000000   0.00000000   1.00000000 
  0.00000000   0.00000000   0.00000000   1.00000000 
  0.00000000   0.00000000   0.00000000   1.00000000 
  0.00000000   0.00000000   0.00000000   1.00000000 
  0.00000000   0.00000000   0.00000000   1.00000000 
  0.00000000   0.00000000   0.00000000   1.00000000 
  0.00000000   0.00000000   0.00000000   1.00000000 
  0.00000000   0.00000000   0.00000000   1.00000000 
  0.00000000   0.00000000   0.00000000   1.00000000 
  0.00000000   0.00000000   0.00000000   1.00000000 
  0.00000000   0.00000000   0.00000000   1.00000000 
  0.00000000   0.00000000   0.00000000   1.00000000 
  0.00000000   0.00000000   0.00000000   1.00000000 
  0.00000000   0.00000000   0.00000000   1.00000000 
  0.00000000   0.00000000   0.00000000   1.00000000 
  0.00000000   0.00000000   0.00000000   1.00000000 
  0.00000000   0.00000000   0.00000000   1.00000000 
  0.00000000   0.00000000   0.00000000   1.00000000 
  0.00000000   0.00000000   0.00000000   1.00000000 
  0.00000000   0.00000000   0.00000000   1.00000000 
  0.00000000   0.00000000   0.00000000   1.00000000 
  0.00000000   0.00000007   0.00000000   0.99999988 
  0.00000000   0.00000000   0.00000000   1.00000000 
  0.00000000   0.00000000   0.00000000   1.00000000 
  0.00000000   0.00000000   0.00000000   1.00000000 
  0.00000000   0.00000000   0.00000000   1.00000000 
  0.00000000   0.00000000   0.00000000   1.00000000 
  0.00000000   0.00000920   0.00000000   0.99999082 
  0.00000000   0.00000000   0.00000000   1.00000000 
  0.00000000   0.00000000   0.00000000   1.00000000 
  0.00000000   0.00000000   0.00000000   1.00000000 
  0.00000000   0.00000000   0.00000000   1.00000000 
  0.00000000   0.00000000   0.00000000   1.00000000 
  0.00000000   0.00000000   0.00000000   1.00000000 
  0.00000000   0.00000000   0.00000000   1.00000000 
  0.00000000   0.00000000   0.00000000   1.00000000 
  0.00000000   0.00000000   0.00000000   1.00000000 
  0.00000000   0.00000000   0.00000000   1.00000000 
  0.00000000   0.00000000   0.00000000   1.00000000 
  0.00000000   0.00000000   0.00000000   1.00000000 
  0.00000000   0.00000000   0.00000000   1.00000000 
  0.00000000   0.00000000   0.00000000   1.00000000 
  0.00000000   0.00000000   0.00000000   1.00000000 
  0.00000000   0.00000000   0.00000000   1.00000000 
  0.00000000   0.00000000   0.00000000   1.00000000 
  0.00000000   0.00000000   0.00000000   1.00000000 
  0.00000000   0.00000000   0.00000000   1.00000000 
  0.00000000   0.00000000   0.00000000   1.00000000 
  0.00000000   0.00000000   0.00000000   1.00000000 
  0.00000000   0.00000000   0.00000000   1.00000000 
  0.00000000   0.00000000   0.00000000   1.00000000 
  0.00000000   0.00000000   0.00000000   1.00000000 
  0.00000000   0.00000000   0.00000000   1.00000000 
  0.00000000   0.00000000   0.00000000   1.00000000 
  0.00000000   0.00000000   0.00000000   1.00000000 
  0.00000000   0.00000000   0.00000000   1.00000000 
  0.00000000   0.00000000   0.00000000   1.00000000 
  0.00000000   0.00000000   0.00000000   1.00000000 
  0.00000000   0.00000000   0.00000000   1.00000000 
  0.00000000   0.00000000   0.00000000   1.00000000 
  0.00000000   0.00000000   0.00000000   1.00000000 
  0.00000000   0.00000000   0.00000000   1.00000000 
  0.00000000   0.00000000   0.00000000   1.00000000 
  0.00000000   0.00000000   0.00000000   1.00000000 
  0.00000000   0.00000000   0.00000000   1.00000000 
  0.00000000   0.00000000   0.00000000   1.00000000 
  0.00000000   0.00000000   0.00000000   1.00000000 
  0.00000000   0.00000000   0.00000000   1.00000000 
  0.00000000   0.00000000   0.00000000   1.00000000 
  0.00000000   0.00000000   0.00000000   1.00000000 
  0.00000000   0.00000000   0.00000000   1.00000000 
  0.00000000   0.00000000   0.00000000   1.00000000 
  0.00000000   0.00000000   0.00000000   1.00000000 
  0.00000000   0.00000000   0.00000000   1.00000000 
  0.00000000   0.00000000   0.00000000   1.00000000 
  0.00000000   0.00000000   0.00000000   1.00000000 
  0.00000000   0.00000000   0.00000000   1.00000000 
  0.00000000   0.00000000   0.00000000   1.00000000 
  0.00000000   0.00000000   0.00000000   1.00000000 
  0.00000000   0.00000000   0.00000000   1.00000000 
  0.00000000   0.00000000   0.00000000   1.00000000 
  0.00000000   0.00000000   0.00000000   1.00000000 
  0.00000000   0.00000000   0.00000000   1.00000000 
  0.00000000   0.00000000   0.00000000   1.00000000 
  0.00000000   0.00000000   0.00000000   1.00000000 
  0.00000000   0.00000000   0.00000000   1.00000000 
  0.00000000   0.00000000   0.00000000   1.00000000 
  0.00000000   0.00000000   0.00000000   1.00000000 
  0.00000000   0.00000000   0.00000000   1.00000000 
  0.00000000   0.00000000   0.00000000   1.00000000 
  0.00000000   0.00000000   0.00000000   1.00000000 
  0.00000000   0.00000000   0.00000000   1.00000000 
  0.00000000   0.00000000   0.00000000   1.00000000 
  0.00000000   0.00000000   0.00000000   1.00000000 
  0.00000000   0.00000000   0.00000000   1.00000000 
  0.00000000   0.00000000   0.00000000   1.00000000 
  0.00000000   0.00000000   0.00000000   1.00000000 
  0.00000000   0.00000005   0.00000000   1.00000000 
  0.00000000   0.00000009   0.00000000   0.99999988 
  0.00000000   0.00000000   0.00000000   1.00000000 
  0.00000000   0.00000000   0.00000000   1.00000000 
  0.00000000   0.00000000   0.00000000   1.00000000 
  0.00000000   0.00000000   0.00000000   1.00000000 
  0.00000000   0.00000000   0.00000000   1.00000000 
  0.00000000   0.00000000   0.00000000   1.00000000 
  0.00000000   0.00000000   0.00000000   1.00000000 
  0.00000000   0.00000000   0.00000000   1.00000000 
  0.00000000   0.00000000   0.00000000   1.00000000 
  0.00000000   0.00000000   0.00000000   1.00000000 
  0.00000000   0.00000000   0.00000000   1.00000000 
  0.00000000   0.00000000   0.00000000   1.00000000 
  0.00000000   0.00000002   0.00000000   1.00000000 
  0.00000000   0.00000000   0.00000000   1.00000000 
  0.00000000   0.00000000   0.00000000   1.00000000 
  0.00000000   0.00000000   0.00000000   1.00000000 
  0.00000000   0.00000000   0.00000000   1.00000000 
  0.00000000   0.00000002   0.00000000   1.00000000 
  0.00000000   0.00000000   0.00000000   1.00000000 
  0.00000000   0.00000000   0.00000000   1.00000000 
  0.00000000   0.00000000   0.00000000   1.00000000 
  0.00000000   0.00000000   0.00000000   1.00000000 
  0.00000000   0.00000000   0.00000000   1.00000000 
  0.00000000   0.00000000   0.00000000   1.00000000 
  0.00000000   0.00000000   0.00000000   1.00000000 
  0.00000000   0.00000000   0.00000000   1.00000000 
  0.00000000   0.00000000   0.00000000   1.00000000 
  0.00000000   0.00000000   0.00000000   1.00000000 
  0.00000000   0.00000000   0.00000000   1.00000000 
  0.00000000   0.00000000   0.00000000   1.00000000 
  0.00000000   0.00000000   0.00000000   1.00000000 
  0.00000000   0.00000000   0.00000000   1.00000000 
  0.00000000   0.00000000   0.00000000   1.00000000 
  0.00000000   0.00000000   0.00000000   1.00000000 
  0.00000000   0.00000000   0.00000000   1.00000000 
  0.00000000   0.00000000   0.00000000   1.00000000 
  0.00000000   0.00000000   0.00000000   1.00000000 
  0.00000000   0.00000000   0.00000000   1.00000000 
  0.00000000   0.00000000   0.00000000   1.00000000 
  0.00000000   0.00000000   0.00000000   1.00000000 
  0.00000000   0.00000000   0.00000000   1.00000000 
  0.00000000   0.00000000   0.00000000   1.00000000 
  0.00000000   0.00000000   0.00000000   1.00000000 
  0.00000000   0.00000000   0.00000000   1.00000000 
  0.00000000   0.00000000   0.00000000   1.00000000 
  0.00000000   0.00000000   0.00000000   1.00000000 
  0.00000000   0.00000000   0.00000000   1.00000000 
  0.00000000   0.00000000   0.00000000   1.00000000 
  0.00000000   0.00000000   0.00000000   1.00000000 
  0.00000000   0.00000000   0.00000000   1.00000000 
  0.00000000   0.00000000   0.00000000   1.00000000 
  0.00000000   0.00000000   0.00000000   1.00000000 
  0.00000000   0.00000000   0.00000000   1.00000000 
  0.00000000   0.00000001   0.00000000   1.00000000 
  0.00000000   0.00000000   0.00000000   1.00000000 
  0.00000000   0.00000023   0.00000000   0.99999976 
  0.00000000   0.00000000   0.00000000   1.00000000 
  0.00000000   0.00000000   0.00000000   1.00000000 
  0.00000000   0.00000000   0.00000000   1.00000000 
  0.00000000   0.00000000   0.00000000   1.00000000 
  0.00000000   0.00000000   0.00000000   1.00000000 
  0.00000000   0.00000000   0.00000000   1.00000000 
  0.00000000   0.00000000   0.00000000   1.00000000 
  0.00000000   0.00000000   0.00000000   1.00000000 
  0.00000000   0.00000000   0.00000000   1.00000000 
  0.00000000   0.00000000   0.00000000   1.00000000 
  0.00000000   0.00000000   0.00000000   1.00000000 
  0.00000000   0.00000000   0.00000000   1.00000000 
  0.00000000   0.00000000   0.00000000   1.00000000 
  0.00000000   0.00000000   0.00000000   1.00000000 
  0.00000000   0.00000000   0.00000000   1.00000000 
  0.00000000   0.00000000   0.00000000   1.00000000 
  0.00000000   0.00000000   0.00000000   1.00000000 
  0.00000000   0.00000018   0.00000000   0.99999976 
  0.00000000   0.00000000   0.00000000   1.00000000 
  0.00000000   0.00000000   0.00000000   1.00000000 
  0.00000000   0.00000725   0.00000000   0.99999273 
  0.00000000   0.00000000   0.00000000   1.00000000 
  0.00000000   0.00000000   0.00000000   1.00000000 
  0.00000000   0.00000000   0.00000000   1.00000000 
  0.00000000   0.00000000   0.00000000   1.00000000 
  0.00000000   0.00000000   0.00000000   1.00000000 
  0.00000000   0.00000000   0.00000000   1.00000000 
  0.00000000   0.00000000   0.00000000   1.00000000 
  0.00000000   0.00000000   0.00000000   1.00000000 
  0.00000000   0.00000000   0.00000000   1.00000000 
  0.00000000   0.00000000   0.00000000   1.00000000 
  0.00000000   0.00000000   0.00000000   1.00000000 
  0.00000000   0.00000000   0.00000000   1.00000000 
  0.00000000   0.00000000   0.00000000   1.00000000 
  0.00000000   0.00000000   0.00000000   1.00000000 
  0.00000000   0.00000000   0.00000000   1.00000000 
  0.00000000   0.00000000   0.00000000   1.00000000 
  0.00000000   0.00000000   0.00000000   1.00000000 
  0.00000000   0.00000000   0.00000000   1.00000000 
  0.00000000   0.00000000   0.00000000   1.00000000 
  0.00000000   0.00000000   0.00000000   1.00000000 
  0.00000000   0.00000000   0.00000000   1.00000000 
  0.00000000   0.00000000   0.00000000   1.00000000 
  0.00000000   0.04472062   0.00000000   0.95527935 
  0.00000000   0.00000000   0.00000000   1.00000000 
  0.00000000   0.00000000   0.00000000   1.00000000 
  0.00000000   0.00000000   0.00000000   1.00000000 
  0.00000000   0.00000000   0.00000000   1.00000000 
  0.00000000   0.00000000   0.00000000   1.00000000 
  0.00000000   0.00000000   0.00000000   1.00000000 
  0.00000000   0.00000000   0.00000000   1.00000000 
  0.00000000   0.00000000   0.00000000   1.00000000 
  0.00000000   0.00000000   0.00000000   1.00000000 
  0.00000000   0.00000000   0.00000000   1.00000000 
  0.00000000   0.00000000   0.00000000   1.00000000 
  0.00000000   0.00000000   0.00000000   1.00000000 
  0.00000000   0.00000000   0.00000000   1.00000000 
  0.00000000   0.00000000   0.00000000   1.00000000 
  0.00000000   0.00000000   0.00000000   1.00000000 
  0.00000000   0.00000000   0.00000000   1.00000000 
  0.00000000   0.00000000   0.00000000   1.00000000 
  0.00000000   0.00000000   0.00000000   1.00000000 
  0.00000000   0.00000000   0.00000000   1.00000000 
  0.00000000   0.00000000   0.00000000   1.00000000 
  0.00000000   0.00000000   0.00000000   1.00000000 
  0.00000000   0.00000000   0.00000000   1.00000000 
  0.00000000   0.00000000   0.00000000   1.00000000 
  0.00000000   0.00000000   0.00000000   1.00000000 
  0.00000000   0.00000000   0.00000000   1.00000000 
  0.00000000   0.00000000   0.00000000   1.00000000 
  0.00000000   0.00000000   0.00000000   1.00000000 
  0.00000000   0.00000000   0.00000000   1.00000000 
  0.00000000   0.00000000   0.00000000   1.00000000 
  0.00000000   0.00000000   0.00000000   1.00000000 
  0.00000000   0.00000000   0.00000000   1.00000000 
  0.00000000   0.00000000   0.00000000   1.00000000 
  0.00000000   0.00000000   0.00000000   1.00000000 
  0.00000000   0.00000000   0.00000000   1.00000000 
  0.00000000   0.00000000   0.00000000   1.00000000 
  0.00000000   0.00004198   0.00000000   0.99995804 
  0.00000000   0.00000000   0.00000000   1.00000000 
  0.00000000   0.00000000   0.00000000   1.00000000 
  0.00000000   0.00000000   0.00000000   1.00000000 
  0.00000000   0.00000000   0.00000000   1.00000000 
  0.00000000   0.00000000   0.00000000   1.00000000 
  0.00000000   0.00000000   0.00000000   1.00000000 
  0.00000000   0.00000000   0.00000000   1.00000000 
  0.00000000   0.00000000   0.00000000   1.00000000 
  0.00000000   0.00000000   0.00000000   1.00000000 
  0.00000000   0.00000000   0.00000000   1.00000000 
  0.00000000   0.00000000   0.00000000   1.00000000 
  0.00000000   0.00000000   0.00000000   1.00000000 
  0.00000000   0.00000000   0.00000000   1.00000000 
  0.00000000   0.00000000   0.00000000   1.00000000 
  0.00000000   0.00000000   0.00000000   1.00000000 
  0.00000000   0.00000000   0.00000000   1.00000000 
  0.00000000   0.00000000   0.00000000   1.00000000 
  0.00000000   0.00000000   0.00000000   1.00000000 
  0.00000000   0.00000000   0.00000000   1.00000000 
  0.00000000   0.00000000   0.00000000   1.00000000 
  0.00000000   0.00000000   0.00000000   1.00000000 
  0.00000000   0.00000000   0.00000000   1.00000000 
  0.00000000   0.00000001   0.00000000   1.00000000 
  0.00000000   0.00000000   0.00000000   1.00000000 
  0.00000000   0.00000000   0.00000000   1.00000000 
  0.00000000   0.00000000   0.00000000   1.00000000 
  0.00000000   0.00000000   0.00000000   1.00000000 
  0.00000000   0.00000000   0.00000000   1.00000000 
  0.00000000   0.00000000   0.00000000   1.00000000 
  0.00000000   0.00000000   0.00000000   1.00000000 
  0.00000000   0.00000000   0.00000000   1.00000000 
  0.00000000   0.00000000   0.00000000   1.00000000 
  0.00000000   0.00000000   0.00000000   1.00000000 
  0.00000000   0.00000000   0.00000000   1.00000000 
  0.00000000   0.00000000   0.00000000   1.00000000 
  0.00000000   0.00000000   0.00000000   1.00000000 
  0.00000000   0.00000000   0.00000000   1.00000000 
  0.00000000   0.00000000   0.00000000   1.00000000 
  0.00000000   0.00000000   0.00000000   1.00000000 
  0.00000000   0.00000000   0.00000000   1.00000000 
  0.00000000   0.00000000   0.00000000   1.00000000 
  0.00000000   0.00000000   0.00000000   1.00000000 
  0.00000000   0.00000000   0.00000000   1.00000000 
  0.00000000   0.00000000   0.00000000   1.00000000 
  0.00000000   0.00000000   0.00000000   1.00000000 
  0.00000000   0.00000000   0.00000000   1.00000000 
  0.00000000   0.00000000   0.00000000   1.00000000 
  0.00000000   0.00000000   0.00000000   1.00000000 
  0.00000000   0.00000000   0.00000000   1.00000000 
  0.00000000   0.00000000   0.00000000   1.00000000 
  0.00000000   0.00000000   0.00000000   1.00000000 
  0.00000000   0.00000000   0.00000000   1.00000000 
  0.00000000   0.00000000   0.00000000   1.00000000 
  0.00000000   0.00000002   0.00000000   1.00000000 
  0.00000000   0.00000000   0.00000000   1.00000000 
  0.00000000   0.00000000   0.00000000   1.00000000 
  0.00000000   0.00000000   0.00000000   1.00000000 
  0.00000000   0.00000000   0.00000000   1.00000000 
  0.00000000   0.00000000   0.00000000   1.00000000 
  0.00000000   0.00000000   0.00000000   1.00000000 
  0.00000000   0.00000000   0.00000000   1.00000000 
  0.00000000   0.00000000   0.00000000   1.00000000 
  0.00000000   0.00000000   0.00000000   1.00000000 
  0.00000000   0.00000000   0.00000000   1.00000000 
  0.00000000   0.00000000   0.00000000   1.00000000 
  0.00000000   0.00000000   0.00000000   1.00000000 
  0.00000000   0.00000000   0.00000000   1.00000000 
  0.00000000   0.00000000   0.00000000   1.00000000 
  0.00000000   0.00000000   0.00000000   1.00000000 
  0.00000000   0.00000000   0.00000000   1.00000000 
  0.00000000   0.00000000   0.00000000   1.00000000 
  0.00000000   0.00000000   0.00000000   1.00000000 
  0.00000000   0.00000000   0.00000000   1.00000000 
  0.00000000   0.00000000   0.00000000   1.00000000 
  0.00000000   0.00000000   0.00000000   1.00000000 
  0.00000000   0.00000000   0.00000000   1.00000000 
  0.00000000   0.00000000   0.00000000   1.00000000 
  0.00000000   0.00000000   0.00000000   1.00000000 
  0.00000000   0.00000000   0.00000000   1.00000000 
  0.00000000   0.00000000   0.00000000   1.00000000 
  0.00000000   0.00000000   0.00000000   1.00000000 
  0.00000000   0.00000000   0.00000000   1.00000000 
  0.00000000   0.00000000   0.00000000   1.00000000 
  0.00000000   0.00000000   0.00000000   1.00000000 
  0.00000000   0.00000001   0.00000000   1.00000000 
  0.00000000   0.00000000   0.00000000   1.00000000 
  0.00000000   0.00000000   0.00000000   1.00000000 
  0.00000000   0.00000000   0.00000000   1.00000000 
  0.00000000   0.00000000   0.00000000   1.00000000 
  0.00000000   0.00000000   0.00000000   1.00000000 
  0.00000000   0.00000000   0.00000000   1.00000000 
  0.00000000   0.00000000   0.00000000   1.00000000 
  0.00000000   0.00000000   0.00000000   1.00000000 
  0.00000000   0.00000000   0.00000000   1.00000000 
  0.00000000   0.00000000   0.00000000   1.00000000 
  0.00000000   0.00000000   0.00000000   1.00000000 
  0.00000000   0.00000000   0.00000000   1.00000000 
  0.00000000   0.00000554   0.00000000   0.99999452 
  0.00000000   0.00000000   0.00000000   1.00000000 
  0.00000000   0.00000000   0.00000000   1.00000000 
  0.00000000   0.00000000   0.00000000   1.00000000 
  0.00000000   0.00000000   0.00000000   1.00000000 
  0.00000000   0.00000000   0.00000000   1.00000000 
  0.00000000   0.00000000   0.00000000   1.00000000 
  0.00000000   0.00000000   0.00000000   1.00000000 
  0.00000000   0.00000000   0.00000000   1.00000000 
  0.00000000   0.00000000   0.00000000   1.00000000 
  0.00000000   0.00000000   0.00000000   1.00000000 
  0.00000000   0.00000000   0.00000000   1.00000000 
  0.00000000   0.00001097   0.00000000   0.99998903 
  0.00000000   0.00000000   0.00000000   1.00000000 
  0.00000000   0.00000000   0.00000000   1.00000000 
  0.00000000   0.00000000   0.00000000   1.00000000 
  0.00000000   0.00000000   0.00000000   1.00000000 
  0.00000000   0.00000000   0.00000000   1.00000000 
  0.00000000   0.00000000   0.00000000   1.00000000 
  0.00000000   0.00000000   0.00000000   1.00000000 
  0.00000000   0.00000000   0.00000000   1.00000000 
  0.00000000   0.00000000   0.00000000   1.00000000 
  0.00000000   0.00000000   0.00000000   1.00000000 
  0.00000000   0.00000000   0.00000000   1.00000000 
  0.00000000   0.00000000   0.00000000   1.00000000 
  0.00000000   0.00000000   0.00000000   1.00000000 
  0.00000000   0.00000000   0.00000000   1.00000000 
  0.00000000   0.00000000   0.00000000   1.00000000 
  0.00000000   0.00000000   0.00000000   1.00000000 
  0.00000000   0.00000014   0.00000000   0.99999988 
  0.00000000   0.00000047   0.00000000   0.99999952 
  0.00000000   0.00000000   0.00000000   1.00000000 
  0.00000000   0.00000000   0.00000000   1.00000000 
  0.00000000   0.00000000   0.00000000   1.00000000 
  0.00000000   0.00000000   0.00000000   1.00000000 
  0.00000000   0.00000000   0.00000000   1.00000000 
  0.00000000   0.00000000   0.00000000   1.00000000 
  0.00000000   0.00000000   0.00000000   1.00000000 
  0.00000000   0.00000000   0.00000000   1.00000000 
  0.00000000   0.00000000   0.00000000   1.00000000 
  0.00000000   0.00000000   0.00000000   1.00000000 
  0.00000000   0.00000000   0.00000000   1.00000000 
  0.00000000   0.00000000   0.00000000   1.00000000 
  0.00000000   0.00000000   0.00000000   1.00000000 
  0.00000000   0.00000000   0.00000000   1.00000000 
  0.00000000   0.00000000   0.00000000   1.00000000 
  0.00000000   0.00000000   0.00000000   1.00000000 
  0.00000000   0.00000000   0.00000000   1.00000000 
  0.00000000   0.00000000   0.00000000   1.00000000 
  0.00000000   0.00000000   0.00000000   1.00000000 
  0.00000000   0.00000019   0.00000000   0.99999976 
  0.00000000   0.00000000   0.00000000   1.00000000 
  0.00000000   0.00000000   0.00000000   1.00000000 
  0.00000000   0.00000325   0.00000000   0.99999678 
  0.00000000   0.00000000   0.00000000   1.00000000 
  0.00000000   0.00000000   0.00000000   1.00000000 
  0.00000000   0.00000000   0.00000000   1.00000000 
  0.00000000   0.00000000   0.00000000   1.00000000 
  0.00000000   0.00000000   0.00000000   1.00000000 
  0.00000000   0.00000000   0.00000000   1.00000000 
  0.00000000   0.00000000   0.00000000   1.00000000 
  0.00000000   0.00000000   0.00000000   1.00000000 
  0.00000000   0.00000000   0.00000000   1.00000000 
  0.00000000   0.00000120   0.00000000   0.99999881 
  0.00000000   0.00000000   0.00000000   1.00000000 
  0.00000000   0.00001254   0.00000000   0.99998748 
  0.00000000   0.00000000   0.00000000   1.00000000 
  0.00000000   0.00000000   0.00000000   1.00000000 
  0.00000000   0.00000000   0.00000000   1.00000000 
  0.00000000   0.00000000   0.00000000   1.00000000 
  0.00000000   0.00000000   0.00000000   1.00000000 
  0.00000000   0.00000000   0.00000000   1.00000000 
  0.00000000   0.00000000   0.00000000   1.00000000 
  0.00000000   0.00000000   0.00000000   1.00000000 
  0.00000000   0.00000000   0.00000000   1.00000000 
  0.00000000   0.00000000   0.00000000   1.00000000 
  0.00000000   0.00000000   0.00000000   1.00000000 
  0.00000000   0.00000000   0.00000000   1.00000000 
  0.00000000   0.00000000   0.00000000   1.00000000 
  0.00000000   0.00000000   0.00000000   1.00000000 
  0.00000000   0.00000000   0.00000000   1.00000000 
  0.00000000   0.00000000   0.00000000   1.00000000 
  0.00000000   0.00000069   0.00000000   0.99999928 
  0.00000000   0.00000000   0.00000000   1.00000000 
  0.00000000   0.00000000   0.00000000   1.00000000 
  0.00000000   0.00000000   0.00000000   1.00000000 
  0.00000000   0.00000000   0.00000000   1.00000000 
  0.00000000   0.00000000   0.00000000   1.00000000 
  0.00000000   0.00000000   0.00000000   1.00000000 
  0.00000000   0.00000001   0.00000000   1.00000000 
  0.00000000   0.00939344   0.00000000   0.99060655 
  0.00000000   0.00000000   0.00000000   1.00000000 
  0.00000000   0.00000000   0.00000000   1.00000000 
  0.00000000   0.00000000   0.00000000   1.00000000 
  0.00000000   0.00000000   0.00000000   1.00000000 
  0.00000000   0.00000000   0.00000000   1.00000000 
  0.00000000   0.00000000   0.00000000   1.00000000 
  0.00000000   0.00000000   0.00000000   1.00000000 
  0.00000000   0.00000000   0.00000000   1.00000000 
  0.00000000   0.00000025   0.00000000   0.99999976 
  0.00000000   0.00000001   0.00000000   1.00000000 
  0.00000000   0.00000388   0.00000000   0.99999607 
  0.00000000   0.00000000   0.00000000   1.00000000 
  0.00000000   0.00000000   0.00000000   1.00000000 
  0.00000000   0.00000000   0.00000000   1.00000000 
  0.00000000   0.00000000   0.00000000   1.00000000 
  0.00000000   0.00000000   0.00000000   1.00000000 
  0.00000000   0.00000000   0.00000000   1.00000000 
  0.00000000   0.00000000   0.00000000   1.00000000 
  0.00000000   0.00000000   0.00000000   1.00000000 
  0.00000000   0.00000000   0.00000000   1.00000000 
  0.00000000   0.00000000   0.00000000   1.00000000 
  0.00000000   0.00000000   0.00000000   1.00000000 
  0.00000000   0.00000000   0.00000000   1.00000000 
  0.00000000   0.00000000   0.00000000   1.00000000 
  0.00000000   0.00000000   0.00000000   1.00000000 
  0.00000000   0.00000000   0.00000000   1.00000000 
  0.00000000   0.00000000   0.00000000   1.00000000 
  0.00000000   0.00000000   0.00000000   1.00000000 
  0.00000000   0.00000000   0.00000000   1.00000000 
  0.00000000   0.00000000   0.00000000   1.00000000 
  0.00000000   0.00000000   0.00000000   1.00000000 
  0.00000000   0.00000000   0.00000000   1.00000000 
  0.00000000   0.00000000   0.00000000   1.00000000 
  0.00000000   0.00000573   0.00000000   0.99999428 
  0.00000000   0.00000000   0.00000000   1.00000000 
  0.00000000   0.00000000   0.00000000   1.00000000 
  0.00000000   0.00000000   0.00000000   1.00000000 
  0.00000000   0.00000000   0.00000000   1.00000000 
  0.00000000   0.00000000   0.00000000   1.00000000 
  0.00000000   0.00000000   0.00000000   1.00000000 
  0.00000000   0.00000000   0.00000000   1.00000000 
  0.00000000   0.00000000   0.00000000   1.00000000 
  0.00000000   0.00000000   0.00000000   1.00000000 
  0.00000000   0.00000000   0.00000000   1.00000000 
  0.00000000   0.00000000   0.00000000   1.00000000 
  0.00000000   0.00000000   0.00000000   1.00000000 
  0.00000000   0.00000000   0.00000000   1.00000000 
  0.00000000   0.00000000   0.00000000   1.00000000 
  0.00000000   0.00000000   0.00000000   1.00000000 
  0.00000000   0.00000000   0.00000000   1.00000000 
  0.00000000   0.00000000   0.00000000   1.00000000 
  0.00000000   0.00000000   0.00000000   1.00000000 
  0.00000000   0.00000000   0.00000000   1.00000000 
  0.00000000   0.00000000   0.00000000   1.00000000 
  0.00000000   0.00000000   0.00000000   1.00000000 
  0.00000000   0.00000000   0.00000000   1.00000000 
  0.00000000   0.00000000   0.00000000   1.00000000 
  0.00000000   0.00000000   0.00000000   1.00000000 
  0.00000000   0.00000000   0.00000000   1.00000000 
  0.00000000   0.00000000   0.00000000   1.00000000 
  0.00000000   0.00000000   0.00000000   1.00000000 
  0.00000000   0.00000000   0.00000000   1.00000000 
  0.00000000   0.00000000   0.00000000   1.00000000 
  0.00000000   0.00000013   0.00000000   0.99999988 
  0.00000000   0.00000000   0.00000000   1.00000000 
  0.00000000   0.00000000   0.00000000   1.00000000 
  0.00000000   0.00000000   0.00000000   1.00000000 
  0.00000000   0.00000000   0.00000000   1.00000000 
  0.00000000   0.00000000   0.00000000   1.00000000 
  0.00000000   0.00000000   0.00000000   1.00000000 
  0.00000000   0.00000000   0.00000000   1.00000000 
  0.00000000   0.00000000   0.00000000   1.00000000 
  0.00000000   0.00000000   0.00000000   1.00000000 
  0.00000000   0.00000000   0.00000000   1.00000000 
  0.00000000   0.00000000   0.00000000   1.00000000 
  0.00000000   0.00000000   0.00000000   1.00000000 
  0.00000000   0.00000000   0.00000000   1.00000000 
  0.00000000   0.00000000   0.00000000   1.00000000 
  0.00000000   0.00000000   0.00000000   1.00000000 
  0.00000000   0.00000000   0.00000000   1.00000000 
  0.00000000   0.00000000   0.00000000   1.00000000 
  0.00000000   0.00000000   0.00000000   1.00000000 
  0.00000000   0.00000000   0.00000000   1.00000000 
  0.00000000   0.00000000   0.00000000   1.00000000 
  0.00000000   0.00000000   0.00000000   1.00000000 
  0.00000000   0.00000000   0.00000000   1.00000000 
  0.00000000   0.00000000   0.00000000   1.00000000 
  0.00000000   0.00000000   0.00000000   1.00000000 
  0.00000000   0.00000000   0.00000000   1.00000000 
  0.00000000   0.00000000   0.00000000   1.00000000 
  0.00000000   0.00000000   0.00000000   1.00000000 
  0.00000000   0.00000000   0.00000000   1.00000000 
  0.00000000   0.00000000   0.00000000   1.00000000 
  0.00000000   0.00000000   0.00000000   1.00000000 
  0.00000000   0.00000001   0.00000000   1.00000000 
  0.00000000   0.00000000   0.00000000   1.00000000 
  0.00000000   0.00000000   0.00000000   1.00000000 
  0.00000000   0.00000000   0.00000000   1.00000000 
  0.00000000   0.00000000   0.00000000   1.00000000 
  0.00000000   0.00000000   0.00000000   1.00000000 
  0.00000000   0.00000000   0.00000000   1.00000000 
  0.00000000   0.00000000   0.00000000   1.00000000 
  0.00000000   0.00000000   0.00000000   1.00000000 
  0.00000000   0.00000000   0.00000000   1.00000000 
  0.00000000   0.00000000   0.00000000   1.00000000 
  0.00000000   0.00000000   0.00000000   1.00000000 
  0.00000000   0.00000000   0.00000000   1.00000000 
  0.00000000   0.00000000   0.00000000   1.00000000 
  0.00000000   0.00000000   0.00000000   1.00000000 
  0.00000000   0.00000000   0.00000000   1.00000000 
  0.00000000   0.00000000   0.00000000   1.00000000 
  0.00000000   0.00000000   0.00000000   1.00000000 
  0.00000000   0.00000000   0.00000000   1.00000000 
  0.00000000   0.00000000   0.00000000   1.00000000 
  0.00000000   0.00000000   0.00000000   1.00000000 
  0.00000000   0.00000000   0.00000000   1.00000000 
  0.00000000   0.00000000   0.00000000   1.00000000 
  0.00000000   0.00000000   0.00000000   1.00000000 
  0.00000000   0.00000000   0.00000000   1.00000000 
  0.00000000   0.00000000   0.00000000   1.00000000 
  0.00000000   0.00000000   0.00000000   1.00000000 
  0.00000000   0.00000000   0.00000000   1.00000000 
  0.00000000   0.00000000   0.00000000   1.00000000 
  0.00000000   0.00000000   0.00000000   1.00000000 
  0.00000000   0.00000000   0.00000000   1.00000000 
  0.00000000   0.00000000   0.00000000   1.00000000 
  0.00000000   0.00000000   0.00000000   1.00000000 
  0.00000000   0.00000000   0.00000000   1.00000000 
  0.00000000   0.00000000   0.00000000   1.00000000 
  0.00000000   0.00000000   0.00000000   1.00000000 
  0.00000000   0.00000000   0.00000000   1.00000000 
  0.00000000   0.00000000   0.00000000   1.00000000 
  0.00000000   0.00000404   0.00000000   0.99999595 
  0.00000000   0.00000000   0.00000000   1.00000000 
  0.00000000   0.00000000   0.00000000   1.00000000 
  0.00000000   0.00000000   0.00000000   1.00000000 
  0.00000000   0.00000000   0.00000000   1.00000000 
  0.00000000   0.00000000   0.00000000   1.00000000 
  0.00000000   0.00000000   0.00000000   1.00000000 
  0.00000000   0.00000000   0.00000000   1.00000000 
  0.00000000   0.00000000   0.00000000   1.00000000 
  0.00000000   0.00000000   0.00000000   1.00000000 
  0.00000000   0.00000000   0.00000000   1.00000000 
  0.00000000   0.00000000   0.00000000   1.00000000 
  0.00000000   0.00000000   0.00000000   1.00000000 
  0.00000000   0.00000000   0.00000000   1.00000000 
  0.00000000   0.00000000   0.00000000   1.00000000 
  0.00000000   0.00000000   0.00000000   1.00000000 
  0.00000000   0.00000000   0.00000000   1.00000000 
  0.00000000   0.00000000   0.00000000   1.00000000 
  0.00000000   0.00000000   0.00000000   1.00000000 
  0.00000000   0.00000000   0.00000000   1.00000000 
  0.00000000   0.00000000   0.00000000   1.00000000 
  0.00000000   0.00000000   0.00000000   1.00000000 
  0.00000000   0.00000000   0.00000000   1.00000000 
  0.00000000   0.00000000   0.00000000   1.00000000 
  0.00000000   0.00000000   0.00000000   1.00000000 
  0.00000000   0.00000000   0.00000000   1.00000000 
  0.00000000   0.00000000   0.00000000   1.00000000 
  0.00000000   0.00000000   0.00000000   1.00000000 
  0.00000000   0.00000000   0.00000000   1.00000000 
  0.00000000   0.00000000   0.00000000   1.00000000 
  0.00000000   0.00000000   0.00000000   1.00000000 
  0.00000000   0.00000000   0.00000000   1.00000000 
  0.00000000   0.00000000   0.00000000   1.00000000 
  0.00000000   0.00000000   0.00000000   1.00000000 
  0.00000000   0.00000000   0.00000000   1.00000000 
  0.00000000   0.00000000   0.00000000   1.00000000 
  0.00000000   0.00000000   0.00000000   1.00000000 
  0.00000000   0.00000000   0.00000000   1.00000000 
  0.00000000   0.00000000   0.00000000   1.00000000 
  0.00000000   0.00000000   0.00000000   1.00000000 
  0.00000000   0.00000000   0.00000000   1.00000000 
  0.00000000   0.00000000   0.00000000   1.00000000 
  0.00000000   0.00000000   0.00000000   1.00000000 
  0.00000000   0.00000000   0.00000000   1.00000000 
  0.00000000   0.00000000   0.00000000   1.00000000 
  0.00000000   0.00000000   0.00000000   1.00000000 
  0.00000000   0.00000000   0.00000000   1.00000000 
  0.00000000   0.00000000   0.00000000   1.00000000 
  0.00000000   0.00000000   0.00000000   1.00000000 
  0.00000000   0.00000000   0.00000000   1.00000000 
  0.00000000   0.00000000   0.00000000   1.00000000 
  0.00000000   0.00000000   0.00000000   1.00000000 
  0.00000000   0.00000000   0.00000000   1.00000000 
  0.00000000   0.00000000   0.00000000   1.00000000 
  0.00000000   0.00000000   0.00000000   1.00000000 
  0.00000000   0.00000000   0.00000000   1.00000000 
  0.00000000   0.00000000   0.00000000   1.00000000 
  0.00000000   0.00000000   0.00000000   1.00000000 
  0.00000000   0.00000000   0.00000000   1.00000000 
  0.00000000   0.00000000   0.00000000   1.00000000 
  0.00000000   0.00000000   0.00000000   1.00000000 
  0.00000000   0.00000000   0.00000000   1.00000000 
  0.00000000   0.00000000   0.00000000   1.00000000 
  0.00000000   0.00000000   0.00000000   1.00000000 
  0.00000000   0.00000000   0.00000000   1.00000000 
  0.00000000   0.00000000   0.00000000   1.00000000 
  0.00000000   0.00000000   0.00000000   1.00000000 
  0.00000000   0.00000000   0.00000000   1.00000000 
  0.00000000   0.00000011   0.00000000   0.99999988 
  0.00000000   0.00000000   0.00000000   1.00000000 
  0.00000000   0.00000000   0.00000000   1.00000000 
  0.00000000   0.00000000   0.00000000   1.00000000 
  0.00000000   0.00000000   0.00000000   1.00000000 
  0.00000000   0.00000000   0.00000000   1.00000000 
  0.00000000   0.00000000   0.00000000   1.00000000 
  0.00000000   0.00000000   0.00000000   1.00000000 
  0.00000000   0.00000000   0.00000000   1.00000000 
  0.00000000   0.00000000   0.00000000   1.00000000 
  0.00000000   0.00000000   0.00000000   1.00000000 
  0.00000000   0.00000000   0.00000000   1.00000000 
  0.00000000   0.00000000   0.00000000   1.00000000 
  0.00000000   0.00000000   0.00000000   1.00000000 
  0.00000000   0.00000000   0.00000000   1.00000000 
  0.00000000   0.00000000   0.00000000   1.00000000 
  0.00000000   0.00000000   0.00000000   1.00000000 
  0.00000000   0.00000000   0.00000000   1.00000000 
  0.00000000   0.00000000   0.00000000   1.00000000 
  0.00000000   0.00000000   0.00000000   1.00000000 
  0.00000000   0.00000000   0.00000000   1.00000000 
  0.00000000   0.00000000   0.00000000   1.00000000 
  0.00000000   0.00000000   0.00000000   1.00000000 
  0.00000000   0.00000000   0.00000000   1.00000000 
  0.00000000   0.00000000   0.00000000   1.00000000 
  0.00000000   0.00000000   0.00000000   1.00000000 
  0.00000000   0.00000000   0.00000000   1.00000000 
  0.00000000   0.00000000   0.00000000   1.00000000 
  0.00000000   0.00000000   0.00000000   1.00000000 
  0.00000000   0.00000000   0.00000000   1.00000000 
  0.00000000   0.00000000   0.00000000   1.00000000 
  0.00000000   0.00000000   0.00000000   1.00000000 
  0.00000000   0.00000000   0.00000000   1.00000000 
  0.00000000   0.00000000   0.00000000   1.00000000 
  0.00000000   0.01328433   0.00000000   0.98671573 
  0.00000000   0.00000000   0.00000000   1.00000000 
  0.00000000   0.00000000   0.00000000   1.00000000 
  0.00000000   0.00000000   0.00000000   1.00000000 
  0.00000000   0.00000000   0.00000000   1.00000000 
  0.00000000   0.00000000   0.00000000   1.00000000 
  0.00000000   0.00000000   0.00000000   1.00000000 
  0.00000000   0.00000000   0.00000000   1.00000000 
  0.00000000   0.00000000   0.00000000   1.00000000 
  0.00000000   0.00000000   0.00000000   1.00000000 
  0.00000000   0.00000000   0.00000000   1.00000000 
  0.00000000   0.00000001   0.00000000   1.00000000 
  0.00000000   0.00000000   0.00000000   1.00000000 
  0.00000000   0.00000000   0.00000000   1.00000000 
  0.00000000   0.00000000   0.00000000   1.00000000 
  0.00000000   0.00000000   0.00000000   1.00000000 
  0.00000000   0.00000000   0.00000000   1.00000000 
  0.00000000   0.00000000   0.00000000   1.00000000 
  0.00000000   0.00000000   0.00000000   1.00000000 
  0.00000000   0.00000000   0.00000000   1.00000000 
  0.00000000   0.00000000   0.00000000   1.00000000 
  0.00000000   0.00000000   0.00000000   1.00000000 
  0.00000000   0.00000000   0.00000000   1.00000000 
  0.00000000   0.00000000   0.00000000   1.00000000 
  0.00000000   0.00000000   0.00000000   1.00000000 
  0.00000000   0.00000000   0.00000000   1.00000000 
  0.00000000   0.00000000   0.00000000   1.00000000 
  0.00000000   0.00000000   0.00000000   1.00000000 
  0.00000000   0.00000000   0.00000000   1.00000000 
  0.00000000   0.00000000   0.00000000   1.00000000 
  0.00000000   0.00000000   0.00000000   1.00000000 
  0.00000000   0.00000000   0.00000000   1.00000000 
  0.00000000   0.00000000   0.00000000   1.00000000 
  0.00000000   0.00000000   0.00000000   1.00000000 
  0.00000000   0.00000000   0.00000000   1.00000000 
  0.00000000   0.00000000   0.00000000   1.00000000 
  0.00000000   0.00000000   0.00000000   1.00000000 
  0.00000000   0.00000000   0.00000000   1.00000000 
  0.00000000   0.00000000   0.00000000   1.00000000 
  0.00000000   0.00000000   0.00000000   1.00000000 
  0.00000000   0.00000000   0.00000000   1.00000000 
  0.00000000   0.00000000   0.00000000   1.00000000 
  0.00000000   0.00000000   0.00000000   1.00000000 
  0.00000000   0.00000000   0.00000000   1.00000000 
  0.00000000   0.00000000   0.00000000   1.00000000 
  0.00000000   0.00000000   0.00000000   1.00000000 
  0.00000000   0.00000000   0.00000000   1.00000000 
  0.00000000   0.00000000   0.00000000   1.00000000 
  0.00000000   0.00000000   0.00000000   1.00000000 
  0.00000000   0.00000000   0.00000000   1.00000000 
  0.00000000   0.00000000   0.00000000   1.00000000 
  0.00000000   0.00000000   0.00000000   1.00000000 
  0.00000000   0.00000000   0.00000000   1.00000000 
  0.00000000   0.00000000   0.00000000   1.00000000 
  0.00000000   0.00000000   0.00000000   1.00000000 
  0.00000000   0.00000000   0.00000000   1.00000000 
  0.00000000   0.00000000   0.00000000   1.00000000 
  0.00000000   0.00000000   0.00000000   1.00000000 
  0.00000000   0.00000000   0.00000000   1.00000000 
  0.00000000   0.00000000   0.00000000   1.00000000 
  0.00000000   0.00000000   0.00000000   1.00000000 
  0.00000000   0.00000000   0.00000000   1.00000000 
  0.00000000   0.00000000   0.00000000   1.00000000 
  0.00000000   0.00000000   0.00000000   1.00000000 